0.827916235430713798
0.905814400354748805
0.981442038686409668
1.04445744318054357
1.10843077536160517
1.1645365760404498
1.22987443853771294
1.28154502090305256
1.33729646190019258
1.37921321807790176
1.42723246352730504
1.45955421881457181
1.49449390359022782
1.53107578643106002
1.55679800216939279
1.59135293662146582
1.61599539803721237
1.64492218513546651
1.6686046913656889
1.69097994163561793
1.71320762398434168
1.72952871875599579
1.7479462424667882
1.762520152861067
1.77827590216414433
1.79182789167198164
1.80540069979400863
1.81800577594304436
1.82899054936772743
1.84021785800318005
1.85050528959335514
1.85848875102976896
1.86685726844550648
1.87373942849517405
1.88083487173861141
1.88687632182336062
1.89280546120189475
1.89860515938395058
1.90334294708671115
1.90843514799222858
1.91288766376212105
1.91557264402408545
1.91882790961782956
1.92058724482560139
1.9233265157864714
1.92417985851697892
1.92606090299568211
1.92790616213520027
1.9283979017142443
1.9298886877778898
1.92950118788224567
1.92958133683874844
1.92820327334560315
1.92677772527275093
1.92525266686023788
1.92240523841191258
1.92080862531003294
1.9187578259778264
1.91602734055696544
1.91437129648694926
1.90987659681736899
1.90715498503791592
1.90082704466746888
1.89576168448617333
1.88920345542736579
1.88122229683672226
1.87533885180455751
1.86834719924424841
1.86101706927042221
1.85535502028209964
1.84448797650392038
1.83756035485986002
1.82308674903112555
1.81179828462530534
1.79687069174152048
1.77972043816599745
1.76656024216759855
1.75107365228028256
1.73486899495703928
1.72273789614558481
1.69958870033320864
1.6851843292296933
1.6587105602363601
1.63645869002622346
1.6053790253478355
1.57806011446518513
1.54419488764840795
1.5172289818728526
1.48816803595722469
1.45183881068356024
1.41852501228791272
1.37052744309198782
1.32861104063553492
1.26980020762127443
1.21147257137424491
1.15128778496506468
1.08600158687750725
1.03575710104132801
0.970451497799925233
0.902500672701566531
0.827408797388983985
