Problem 1 of 20.0
[[ 0.89648305]
 [ 0.88751822]
 [ 0.87855339]
 [ 0.86958856]
 [ 0.86062373]
 [ 0.8516589 ]
 [ 0.84269407]
 [ 0.83372924]
 [ 0.82476441]
 [ 0.81579958]
 [ 0.80683475]
 [ 0.79786992]
 [ 0.78890509]
 [ 0.77994026]
 [ 0.77097543]
 [ 0.7620106 ]
 [ 0.75304576]
 [ 0.74408093]
 [ 0.7351161 ]
 [ 0.72615127]
 [ 0.71718644]
 [ 0.70822161]
 [ 0.69925678]
 [ 0.69029195]
 [ 0.68132712]
 [ 0.67236229]
 [ 0.66339746]
 [ 0.65443263]
 [ 0.6454678 ]
 [ 0.63650297]
 [ 0.62753814]
 [ 0.61857331]
 [ 0.60960848]
 [ 0.60064365]
 [ 0.59167882]
 [ 0.58271398]
 [ 0.57374915]
 [ 0.56478432]
 [ 0.55581949]
 [ 0.54685466]
 [ 0.53788983]
 [ 0.528925  ]
 [ 0.51996017]
 [ 0.51099534]
 [ 0.50203051]
 [ 0.49306568]
 [ 0.48410085]
 [ 0.47513602]
 [ 0.46617119]
 [ 0.45720636]
 [ 0.44824153]
 [ 0.4392767 ]
 [ 0.43031187]
 [ 0.42134704]
 [ 0.4123822 ]
 [ 0.40341737]
 [ 0.39445254]
 [ 0.38548771]
 [ 0.37652288]
 [ 0.36755805]
 [ 0.35859322]
 [ 0.34962839]
 [ 0.34066356]
 [ 0.33169873]
 [ 0.3227339 ]
 [ 0.31376907]
 [ 0.30480424]
 [ 0.29583941]
 [ 0.28687458]
 [ 0.27790975]
 [ 0.26894492]
 [ 0.25998009]
 [ 0.25101525]
 [ 0.24205042]
 [ 0.23308559]
 [ 0.22412076]
 [ 0.21515593]
 [ 0.2061911 ]
 [ 0.19722627]
 [ 0.18826144]
 [ 0.17929661]
 [ 0.17033178]
 [ 0.16136695]
 [ 0.15240212]
 [ 0.14343729]
 [ 0.13447246]
 [ 0.12550763]
 [ 0.1165428 ]
 [ 0.10757797]
 [ 0.09861314]
 [ 0.08964831]
 [ 0.08068347]
 [ 0.07171864]
 [ 0.06275381]
 [ 0.05378898]
 [ 0.04482415]
 [ 0.03585932]
 [ 0.02689449]
 [ 0.01792966]
 [ 0.00896483]
 [ 0.        ]
 [ 1.        ]
 [ 0.99103517]
 [ 0.98207034]
 [ 0.97310551]
 [ 0.96414068]
 [ 0.95517585]
 [ 0.94621102]
 [ 0.93724619]
 [ 0.92828136]
 [ 0.91931653]
 [ 0.91035169]
 [ 0.90138686]
 [ 0.89242203]
 [ 0.8834572 ]
 [ 0.87449237]
 [ 0.86552754]
 [ 0.85656271]
 [ 0.84759788]
 [ 0.83863305]
 [ 0.82966822]
 [ 0.82070339]
 [ 0.81173856]
 [ 0.80277373]
 [ 0.7938089 ]
 [ 0.78484407]
 [ 0.77587924]
 [ 0.76691441]
 [ 0.75794958]
 [ 0.74898475]
 [ 0.74001991]
 [ 0.73105508]
 [ 0.72209025]
 [ 0.71312542]
 [ 0.70416059]
 [ 0.69519576]
 [ 0.68623093]
 [ 0.6772661 ]
 [ 0.66830127]
 [ 0.65933644]
 [ 0.65037161]
 [ 0.64140678]
 [ 0.63244195]
 [ 0.62347712]
 [ 0.61451229]
 [ 0.60554746]
 [ 0.59658263]
 [ 0.5876178 ]
 [ 0.57865296]
 [ 0.56968813]
 [ 0.5607233 ]
 [ 0.55175847]
 [ 0.54279364]
 [ 0.53382881]
 [ 0.52486398]
 [ 0.51589915]
 [ 0.50693432]
 [ 0.49796949]
 [ 0.48900466]
 [ 0.48003983]
 [ 0.471075  ]
 [ 0.46211017]
 [ 0.45314534]
 [ 0.44418051]
 [ 0.43521568]
 [ 0.42625085]
 [ 0.41728602]
 [ 0.40832118]
 [ 0.39935635]
 [ 0.39039152]
 [ 0.38142669]
 [ 0.37246186]
 [ 0.36349703]
 [ 0.3545322 ]
 [ 0.34556737]
 [ 0.33660254]
 [ 0.32763771]
 [ 0.31867288]
 [ 0.30970805]
 [ 0.30074322]
 [ 0.29177839]
 [ 0.28281356]
 [ 0.27384873]
 [ 0.2648839 ]
 [ 0.25591907]
 [ 0.24695424]
 [ 0.2379894 ]
 [ 0.22902457]
 [ 0.22005974]
 [ 0.21109491]
 [ 0.20213008]
 [ 0.19316525]
 [ 0.18420042]
 [ 0.17523559]
 [ 0.16627076]
 [ 0.15730593]
 [ 0.1483411 ]
 [ 0.13937627]
 [ 0.13041144]
 [ 0.12144661]
 [ 0.11248178]
 [ 0.10351695]]
Problem 2 of 20.0
[[ 0.89648305]
 [ 0.88751822]
 [ 0.87855339]
 [ 0.86958856]
 [ 0.86062373]
 [ 0.8516589 ]
 [ 0.84269407]
 [ 0.83372924]
 [ 0.82476441]
 [ 0.81579958]
 [ 0.80683475]
 [ 0.79786992]
 [ 0.78890509]
 [ 0.77994026]
 [ 0.77097543]
 [ 0.7620106 ]
 [ 0.75304576]
 [ 0.74408093]
 [ 0.7351161 ]
 [ 0.72615127]
 [ 0.71718644]
 [ 0.70822161]
 [ 0.69925678]
 [ 0.69029195]
 [ 0.68132712]
 [ 0.67236229]
 [ 0.66339746]
 [ 0.65443263]
 [ 0.6454678 ]
 [ 0.63650297]
 [ 0.62753814]
 [ 0.61857331]
 [ 0.60960848]
 [ 0.60064365]
 [ 0.59167882]
 [ 0.58271398]
 [ 0.57374915]
 [ 0.56478432]
 [ 0.55581949]
 [ 0.54685466]
 [ 0.53788983]
 [ 0.528925  ]
 [ 0.51996017]
 [ 0.51099534]
 [ 0.50203051]
 [ 0.49306568]
 [ 0.48410085]
 [ 0.47513602]
 [ 0.46617119]
 [ 0.45720636]
 [ 0.44824153]
 [ 0.4392767 ]
 [ 0.43031187]
 [ 0.42134704]
 [ 0.4123822 ]
 [ 0.40341737]
 [ 0.39445254]
 [ 0.38548771]
 [ 0.37652288]
 [ 0.36755805]
 [ 0.35859322]
 [ 0.34962839]
 [ 0.34066356]
 [ 0.33169873]
 [ 0.3227339 ]
 [ 0.31376907]
 [ 0.30480424]
 [ 0.29583941]
 [ 0.28687458]
 [ 0.27790975]
 [ 0.26894492]
 [ 0.25998009]
 [ 0.25101525]
 [ 0.24205042]
 [ 0.23308559]
 [ 0.22412076]
 [ 0.21515593]
 [ 0.2061911 ]
 [ 0.19722627]
 [ 0.18826144]
 [ 0.17929661]
 [ 0.17033178]
 [ 0.16136695]
 [ 0.15240212]
 [ 0.14343729]
 [ 0.13447246]
 [ 0.12550763]
 [ 0.1165428 ]
 [ 0.10757797]
 [ 0.09861314]
 [ 0.08964831]
 [ 0.08068347]
 [ 0.07171864]
 [ 0.06275381]
 [ 0.05378898]
 [ 0.04482415]
 [ 0.03585932]
 [ 0.02689449]
 [ 0.01792966]
 [ 0.00896483]
 [ 0.        ]
 [ 1.        ]
 [ 0.99103517]
 [ 0.98207034]
 [ 0.97310551]
 [ 0.96414068]
 [ 0.95517585]
 [ 0.94621102]
 [ 0.93724619]
 [ 0.92828136]
 [ 0.91931653]
 [ 0.91035169]
 [ 0.90138686]
 [ 0.89242203]
 [ 0.8834572 ]
 [ 0.87449237]
 [ 0.86552754]
 [ 0.85656271]
 [ 0.84759788]
 [ 0.83863305]
 [ 0.82966822]
 [ 0.82070339]
 [ 0.81173856]
 [ 0.80277373]
 [ 0.7938089 ]
 [ 0.78484407]
 [ 0.77587924]
 [ 0.76691441]
 [ 0.75794958]
 [ 0.74898475]
 [ 0.74001991]
 [ 0.73105508]
 [ 0.72209025]
 [ 0.71312542]
 [ 0.70416059]
 [ 0.69519576]
 [ 0.68623093]
 [ 0.6772661 ]
 [ 0.66830127]
 [ 0.65933644]
 [ 0.65037161]
 [ 0.64140678]
 [ 0.63244195]
 [ 0.62347712]
 [ 0.61451229]
 [ 0.60554746]
 [ 0.59658263]
 [ 0.5876178 ]
 [ 0.57865296]
 [ 0.56968813]
 [ 0.5607233 ]
 [ 0.55175847]
 [ 0.54279364]
 [ 0.53382881]
 [ 0.52486398]
 [ 0.51589915]
 [ 0.50693432]
 [ 0.49796949]
 [ 0.48900466]
 [ 0.48003983]
 [ 0.471075  ]
 [ 0.46211017]
 [ 0.45314534]
 [ 0.44418051]
 [ 0.43521568]
 [ 0.42625085]
 [ 0.41728602]
 [ 0.40832118]
 [ 0.39935635]
 [ 0.39039152]
 [ 0.38142669]
 [ 0.37246186]
 [ 0.36349703]
 [ 0.3545322 ]
 [ 0.34556737]
 [ 0.33660254]
 [ 0.32763771]
 [ 0.31867288]
 [ 0.30970805]
 [ 0.30074322]
 [ 0.29177839]
 [ 0.28281356]
 [ 0.27384873]
 [ 0.2648839 ]
 [ 0.25591907]
 [ 0.24695424]
 [ 0.2379894 ]
 [ 0.22902457]
 [ 0.22005974]
 [ 0.21109491]
 [ 0.20213008]
 [ 0.19316525]
 [ 0.18420042]
 [ 0.17523559]
 [ 0.16627076]
 [ 0.15730593]
 [ 0.1483411 ]
 [ 0.13937627]
 [ 0.13041144]
 [ 0.12144661]
 [ 0.11248178]
 [ 0.10351695]]
Problem 3 of 20.0
[[ 0.89648305]
 [ 0.88751822]
 [ 0.87855339]
 [ 0.86958856]
 [ 0.86062373]
 [ 0.8516589 ]
 [ 0.84269407]
 [ 0.83372924]
 [ 0.82476441]
 [ 0.81579958]
 [ 0.80683475]
 [ 0.79786992]
 [ 0.78890509]
 [ 0.77994026]
 [ 0.77097543]
 [ 0.7620106 ]
 [ 0.75304576]
 [ 0.74408093]
 [ 0.7351161 ]
 [ 0.72615127]
 [ 0.71718644]
 [ 0.70822161]
 [ 0.69925678]
 [ 0.69029195]
 [ 0.68132712]
 [ 0.67236229]
 [ 0.66339746]
 [ 0.65443263]
 [ 0.6454678 ]
 [ 0.63650297]
 [ 0.62753814]
 [ 0.61857331]
 [ 0.60960848]
 [ 0.60064365]
 [ 0.59167882]
 [ 0.58271398]
 [ 0.57374915]
 [ 0.56478432]
 [ 0.55581949]
 [ 0.54685466]
 [ 0.53788983]
 [ 0.528925  ]
 [ 0.51996017]
 [ 0.51099534]
 [ 0.50203051]
 [ 0.49306568]
 [ 0.48410085]
 [ 0.47513602]
 [ 0.46617119]
 [ 0.45720636]
 [ 0.44824153]
 [ 0.4392767 ]
 [ 0.43031187]
 [ 0.42134704]
 [ 0.4123822 ]
 [ 0.40341737]
 [ 0.39445254]
 [ 0.38548771]
 [ 0.37652288]
 [ 0.36755805]
 [ 0.35859322]
 [ 0.34962839]
 [ 0.34066356]
 [ 0.33169873]
 [ 0.3227339 ]
 [ 0.31376907]
 [ 0.30480424]
 [ 0.29583941]
 [ 0.28687458]
 [ 0.27790975]
 [ 0.26894492]
 [ 0.25998009]
 [ 0.25101525]
 [ 0.24205042]
 [ 0.23308559]
 [ 0.22412076]
 [ 0.21515593]
 [ 0.2061911 ]
 [ 0.19722627]
 [ 0.18826144]
 [ 0.17929661]
 [ 0.17033178]
 [ 0.16136695]
 [ 0.15240212]
 [ 0.14343729]
 [ 0.13447246]
 [ 0.12550763]
 [ 0.1165428 ]
 [ 0.10757797]
 [ 0.09861314]
 [ 0.08964831]
 [ 0.08068347]
 [ 0.07171864]
 [ 0.06275381]
 [ 0.05378898]
 [ 0.04482415]
 [ 0.03585932]
 [ 0.02689449]
 [ 0.01792966]
 [ 0.00896483]
 [ 0.        ]
 [ 1.        ]
 [ 0.99103517]
 [ 0.98207034]
 [ 0.97310551]
 [ 0.96414068]
 [ 0.95517585]
 [ 0.94621102]
 [ 0.93724619]
 [ 0.92828136]
 [ 0.91931653]
 [ 0.91035169]
 [ 0.90138686]
 [ 0.89242203]
 [ 0.8834572 ]
 [ 0.87449237]
 [ 0.86552754]
 [ 0.85656271]
 [ 0.84759788]
 [ 0.83863305]
 [ 0.82966822]
 [ 0.82070339]
 [ 0.81173856]
 [ 0.80277373]
 [ 0.7938089 ]
 [ 0.78484407]
 [ 0.77587924]
 [ 0.76691441]
 [ 0.75794958]
 [ 0.74898475]
 [ 0.74001991]
 [ 0.73105508]
 [ 0.72209025]
 [ 0.71312542]
 [ 0.70416059]
 [ 0.69519576]
 [ 0.68623093]
 [ 0.6772661 ]
 [ 0.66830127]
 [ 0.65933644]
 [ 0.65037161]
 [ 0.64140678]
 [ 0.63244195]
 [ 0.62347712]
 [ 0.61451229]
 [ 0.60554746]
 [ 0.59658263]
 [ 0.5876178 ]
 [ 0.57865296]
 [ 0.56968813]
 [ 0.5607233 ]
 [ 0.55175847]
 [ 0.54279364]
 [ 0.53382881]
 [ 0.52486398]
 [ 0.51589915]
 [ 0.50693432]
 [ 0.49796949]
 [ 0.48900466]
 [ 0.48003983]
 [ 0.471075  ]
 [ 0.46211017]
 [ 0.45314534]
 [ 0.44418051]
 [ 0.43521568]
 [ 0.42625085]
 [ 0.41728602]
 [ 0.40832118]
 [ 0.39935635]
 [ 0.39039152]
 [ 0.38142669]
 [ 0.37246186]
 [ 0.36349703]
 [ 0.3545322 ]
 [ 0.34556737]
 [ 0.33660254]
 [ 0.32763771]
 [ 0.31867288]
 [ 0.30970805]
 [ 0.30074322]
 [ 0.29177839]
 [ 0.28281356]
 [ 0.27384873]
 [ 0.2648839 ]
 [ 0.25591907]
 [ 0.24695424]
 [ 0.2379894 ]
 [ 0.22902457]
 [ 0.22005974]
 [ 0.21109491]
 [ 0.20213008]
 [ 0.19316525]
 [ 0.18420042]
 [ 0.17523559]
 [ 0.16627076]
 [ 0.15730593]
 [ 0.1483411 ]
 [ 0.13937627]
 [ 0.13041144]
 [ 0.12144661]
 [ 0.11248178]
 [ 0.10351695]]
Problem 4 of 20.0
[[ 0.89648305]
 [ 0.88751822]
 [ 0.87855339]
 [ 0.86958856]
 [ 0.86062373]
 [ 0.8516589 ]
 [ 0.84269407]
 [ 0.83372924]
 [ 0.82476441]
 [ 0.81579958]
 [ 0.80683475]
 [ 0.79786992]
 [ 0.78890509]
 [ 0.77994026]
 [ 0.77097543]
 [ 0.7620106 ]
 [ 0.75304576]
 [ 0.74408093]
 [ 0.7351161 ]
 [ 0.72615127]
 [ 0.71718644]
 [ 0.70822161]
 [ 0.69925678]
 [ 0.69029195]
 [ 0.68132712]
 [ 0.67236229]
 [ 0.66339746]
 [ 0.65443263]
 [ 0.6454678 ]
 [ 0.63650297]
 [ 0.62753814]
 [ 0.61857331]
 [ 0.60960848]
 [ 0.60064365]
 [ 0.59167882]
 [ 0.58271398]
 [ 0.57374915]
 [ 0.56478432]
 [ 0.55581949]
 [ 0.54685466]
 [ 0.53788983]
 [ 0.528925  ]
 [ 0.51996017]
 [ 0.51099534]
 [ 0.50203051]
 [ 0.49306568]
 [ 0.48410085]
 [ 0.47513602]
 [ 0.46617119]
 [ 0.45720636]
 [ 0.44824153]
 [ 0.4392767 ]
 [ 0.43031187]
 [ 0.42134704]
 [ 0.4123822 ]
 [ 0.40341737]
 [ 0.39445254]
 [ 0.38548771]
 [ 0.37652288]
 [ 0.36755805]
 [ 0.35859322]
 [ 0.34962839]
 [ 0.34066356]
 [ 0.33169873]
 [ 0.3227339 ]
 [ 0.31376907]
 [ 0.30480424]
 [ 0.29583941]
 [ 0.28687458]
 [ 0.27790975]
 [ 0.26894492]
 [ 0.25998009]
 [ 0.25101525]
 [ 0.24205042]
 [ 0.23308559]
 [ 0.22412076]
 [ 0.21515593]
 [ 0.2061911 ]
 [ 0.19722627]
 [ 0.18826144]
 [ 0.17929661]
 [ 0.17033178]
 [ 0.16136695]
 [ 0.15240212]
 [ 0.14343729]
 [ 0.13447246]
 [ 0.12550763]
 [ 0.1165428 ]
 [ 0.10757797]
 [ 0.09861314]
 [ 0.08964831]
 [ 0.08068347]
 [ 0.07171864]
 [ 0.06275381]
 [ 0.05378898]
 [ 0.04482415]
 [ 0.03585932]
 [ 0.02689449]
 [ 0.01792966]
 [ 0.00896483]
 [ 0.        ]
 [ 1.        ]
 [ 0.99103517]
 [ 0.98207034]
 [ 0.97310551]
 [ 0.96414068]
 [ 0.95517585]
 [ 0.94621102]
 [ 0.93724619]
 [ 0.92828136]
 [ 0.91931653]
 [ 0.91035169]
 [ 0.90138686]
 [ 0.89242203]
 [ 0.8834572 ]
 [ 0.87449237]
 [ 0.86552754]
 [ 0.85656271]
 [ 0.84759788]
 [ 0.83863305]
 [ 0.82966822]
 [ 0.82070339]
 [ 0.81173856]
 [ 0.80277373]
 [ 0.7938089 ]
 [ 0.78484407]
 [ 0.77587924]
 [ 0.76691441]
 [ 0.75794958]
 [ 0.74898475]
 [ 0.74001991]
 [ 0.73105508]
 [ 0.72209025]
 [ 0.71312542]
 [ 0.70416059]
 [ 0.69519576]
 [ 0.68623093]
 [ 0.6772661 ]
 [ 0.66830127]
 [ 0.65933644]
 [ 0.65037161]
 [ 0.64140678]
 [ 0.63244195]
 [ 0.62347712]
 [ 0.61451229]
 [ 0.60554746]
 [ 0.59658263]
 [ 0.5876178 ]
 [ 0.57865296]
 [ 0.56968813]
 [ 0.5607233 ]
 [ 0.55175847]
 [ 0.54279364]
 [ 0.53382881]
 [ 0.52486398]
 [ 0.51589915]
 [ 0.50693432]
 [ 0.49796949]
 [ 0.48900466]
 [ 0.48003983]
 [ 0.471075  ]
 [ 0.46211017]
 [ 0.45314534]
 [ 0.44418051]
 [ 0.43521568]
 [ 0.42625085]
 [ 0.41728602]
 [ 0.40832118]
 [ 0.39935635]
 [ 0.39039152]
 [ 0.38142669]
 [ 0.37246186]
 [ 0.36349703]
 [ 0.3545322 ]
 [ 0.34556737]
 [ 0.33660254]
 [ 0.32763771]
 [ 0.31867288]
 [ 0.30970805]
 [ 0.30074322]
 [ 0.29177839]
 [ 0.28281356]
 [ 0.27384873]
 [ 0.2648839 ]
 [ 0.25591907]
 [ 0.24695424]
 [ 0.2379894 ]
 [ 0.22902457]
 [ 0.22005974]
 [ 0.21109491]
 [ 0.20213008]
 [ 0.19316525]
 [ 0.18420042]
 [ 0.17523559]
 [ 0.16627076]
 [ 0.15730593]
 [ 0.1483411 ]
 [ 0.13937627]
 [ 0.13041144]
 [ 0.12144661]
 [ 0.11248178]
 [ 0.10351695]]
Problem 5 of 20.0
[[ 0.89648305]
 [ 0.88751822]
 [ 0.87855339]
 [ 0.86958856]
 [ 0.86062373]
 [ 0.8516589 ]
 [ 0.84269407]
 [ 0.83372924]
 [ 0.82476441]
 [ 0.81579958]
 [ 0.80683475]
 [ 0.79786992]
 [ 0.78890509]
 [ 0.77994026]
 [ 0.77097543]
 [ 0.7620106 ]
 [ 0.75304576]
 [ 0.74408093]
 [ 0.7351161 ]
 [ 0.72615127]
 [ 0.71718644]
 [ 0.70822161]
 [ 0.69925678]
 [ 0.69029195]
 [ 0.68132712]
 [ 0.67236229]
 [ 0.66339746]
 [ 0.65443263]
 [ 0.6454678 ]
 [ 0.63650297]
 [ 0.62753814]
 [ 0.61857331]
 [ 0.60960848]
 [ 0.60064365]
 [ 0.59167882]
 [ 0.58271398]
 [ 0.57374915]
 [ 0.56478432]
 [ 0.55581949]
 [ 0.54685466]
 [ 0.53788983]
 [ 0.528925  ]
 [ 0.51996017]
 [ 0.51099534]
 [ 0.50203051]
 [ 0.49306568]
 [ 0.48410085]
 [ 0.47513602]
 [ 0.46617119]
 [ 0.45720636]
 [ 0.44824153]
 [ 0.4392767 ]
 [ 0.43031187]
 [ 0.42134704]
 [ 0.4123822 ]
 [ 0.40341737]
 [ 0.39445254]
 [ 0.38548771]
 [ 0.37652288]
 [ 0.36755805]
 [ 0.35859322]
 [ 0.34962839]
 [ 0.34066356]
 [ 0.33169873]
 [ 0.3227339 ]
 [ 0.31376907]
 [ 0.30480424]
 [ 0.29583941]
 [ 0.28687458]
 [ 0.27790975]
 [ 0.26894492]
 [ 0.25998009]
 [ 0.25101525]
 [ 0.24205042]
 [ 0.23308559]
 [ 0.22412076]
 [ 0.21515593]
 [ 0.2061911 ]
 [ 0.19722627]
 [ 0.18826144]
 [ 0.17929661]
 [ 0.17033178]
 [ 0.16136695]
 [ 0.15240212]
 [ 0.14343729]
 [ 0.13447246]
 [ 0.12550763]
 [ 0.1165428 ]
 [ 0.10757797]
 [ 0.09861314]
 [ 0.08964831]
 [ 0.08068347]
 [ 0.07171864]
 [ 0.06275381]
 [ 0.05378898]
 [ 0.04482415]
 [ 0.03585932]
 [ 0.02689449]
 [ 0.01792966]
 [ 0.00896483]
 [ 0.        ]
 [ 1.        ]
 [ 0.99103517]
 [ 0.98207034]
 [ 0.97310551]
 [ 0.96414068]
 [ 0.95517585]
 [ 0.94621102]
 [ 0.93724619]
 [ 0.92828136]
 [ 0.91931653]
 [ 0.91035169]
 [ 0.90138686]
 [ 0.89242203]
 [ 0.8834572 ]
 [ 0.87449237]
 [ 0.86552754]
 [ 0.85656271]
 [ 0.84759788]
 [ 0.83863305]
 [ 0.82966822]
 [ 0.82070339]
 [ 0.81173856]
 [ 0.80277373]
 [ 0.7938089 ]
 [ 0.78484407]
 [ 0.77587924]
 [ 0.76691441]
 [ 0.75794958]
 [ 0.74898475]
 [ 0.74001991]
 [ 0.73105508]
 [ 0.72209025]
 [ 0.71312542]
 [ 0.70416059]
 [ 0.69519576]
 [ 0.68623093]
 [ 0.6772661 ]
 [ 0.66830127]
 [ 0.65933644]
 [ 0.65037161]
 [ 0.64140678]
 [ 0.63244195]
 [ 0.62347712]
 [ 0.61451229]
 [ 0.60554746]
 [ 0.59658263]
 [ 0.5876178 ]
 [ 0.57865296]
 [ 0.56968813]
 [ 0.5607233 ]
 [ 0.55175847]
 [ 0.54279364]
 [ 0.53382881]
 [ 0.52486398]
 [ 0.51589915]
 [ 0.50693432]
 [ 0.49796949]
 [ 0.48900466]
 [ 0.48003983]
 [ 0.471075  ]
 [ 0.46211017]
 [ 0.45314534]
 [ 0.44418051]
 [ 0.43521568]
 [ 0.42625085]
 [ 0.41728602]
 [ 0.40832118]
 [ 0.39935635]
 [ 0.39039152]
 [ 0.38142669]
 [ 0.37246186]
 [ 0.36349703]
 [ 0.3545322 ]
 [ 0.34556737]
 [ 0.33660254]
 [ 0.32763771]
 [ 0.31867288]
 [ 0.30970805]
 [ 0.30074322]
 [ 0.29177839]
 [ 0.28281356]
 [ 0.27384873]
 [ 0.2648839 ]
 [ 0.25591907]
 [ 0.24695424]
 [ 0.2379894 ]
 [ 0.22902457]
 [ 0.22005974]
 [ 0.21109491]
 [ 0.20213008]
 [ 0.19316525]
 [ 0.18420042]
 [ 0.17523559]
 [ 0.16627076]
 [ 0.15730593]
 [ 0.1483411 ]
 [ 0.13937627]
 [ 0.13041144]
 [ 0.12144661]
 [ 0.11248178]
 [ 0.10351695]]
Problem 6 of 20.0
[[ 0.89648305]
 [ 0.88751822]
 [ 0.87855339]
 [ 0.86958856]
 [ 0.86062373]
 [ 0.8516589 ]
 [ 0.84269407]
 [ 0.83372924]
 [ 0.82476441]
 [ 0.81579958]
 [ 0.80683475]
 [ 0.79786992]
 [ 0.78890509]
 [ 0.77994026]
 [ 0.77097543]
 [ 0.7620106 ]
 [ 0.75304576]
 [ 0.74408093]
 [ 0.7351161 ]
 [ 0.72615127]
 [ 0.71718644]
 [ 0.70822161]
 [ 0.69925678]
 [ 0.69029195]
 [ 0.68132712]
 [ 0.67236229]
 [ 0.66339746]
 [ 0.65443263]
 [ 0.6454678 ]
 [ 0.63650297]
 [ 0.62753814]
 [ 0.61857331]
 [ 0.60960848]
 [ 0.60064365]
 [ 0.59167882]
 [ 0.58271398]
 [ 0.57374915]
 [ 0.56478432]
 [ 0.55581949]
 [ 0.54685466]
 [ 0.53788983]
 [ 0.528925  ]
 [ 0.51996017]
 [ 0.51099534]
 [ 0.50203051]
 [ 0.49306568]
 [ 0.48410085]
 [ 0.47513602]
 [ 0.46617119]
 [ 0.45720636]
 [ 0.44824153]
 [ 0.4392767 ]
 [ 0.43031187]
 [ 0.42134704]
 [ 0.4123822 ]
 [ 0.40341737]
 [ 0.39445254]
 [ 0.38548771]
 [ 0.37652288]
 [ 0.36755805]
 [ 0.35859322]
 [ 0.34962839]
 [ 0.34066356]
 [ 0.33169873]
 [ 0.3227339 ]
 [ 0.31376907]
 [ 0.30480424]
 [ 0.29583941]
 [ 0.28687458]
 [ 0.27790975]
 [ 0.26894492]
 [ 0.25998009]
 [ 0.25101525]
 [ 0.24205042]
 [ 0.23308559]
 [ 0.22412076]
 [ 0.21515593]
 [ 0.2061911 ]
 [ 0.19722627]
 [ 0.18826144]
 [ 0.17929661]
 [ 0.17033178]
 [ 0.16136695]
 [ 0.15240212]
 [ 0.14343729]
 [ 0.13447246]
 [ 0.12550763]
 [ 0.1165428 ]
 [ 0.10757797]
 [ 0.09861314]
 [ 0.08964831]
 [ 0.08068347]
 [ 0.07171864]
 [ 0.06275381]
 [ 0.05378898]
 [ 0.04482415]
 [ 0.03585932]
 [ 0.02689449]
 [ 0.01792966]
 [ 0.00896483]
 [ 0.        ]
 [ 1.        ]
 [ 0.99103517]
 [ 0.98207034]
 [ 0.97310551]
 [ 0.96414068]
 [ 0.95517585]
 [ 0.94621102]
 [ 0.93724619]
 [ 0.92828136]
 [ 0.91931653]
 [ 0.91035169]
 [ 0.90138686]
 [ 0.89242203]
 [ 0.8834572 ]
 [ 0.87449237]
 [ 0.86552754]
 [ 0.85656271]
 [ 0.84759788]
 [ 0.83863305]
 [ 0.82966822]
 [ 0.82070339]
 [ 0.81173856]
 [ 0.80277373]
 [ 0.7938089 ]
 [ 0.78484407]
 [ 0.77587924]
 [ 0.76691441]
 [ 0.75794958]
 [ 0.74898475]
 [ 0.74001991]
 [ 0.73105508]
 [ 0.72209025]
 [ 0.71312542]
 [ 0.70416059]
 [ 0.69519576]
 [ 0.68623093]
 [ 0.6772661 ]
 [ 0.66830127]
 [ 0.65933644]
 [ 0.65037161]
 [ 0.64140678]
 [ 0.63244195]
 [ 0.62347712]
 [ 0.61451229]
 [ 0.60554746]
 [ 0.59658263]
 [ 0.5876178 ]
 [ 0.57865296]
 [ 0.56968813]
 [ 0.5607233 ]
 [ 0.55175847]
 [ 0.54279364]
 [ 0.53382881]
 [ 0.52486398]
 [ 0.51589915]
 [ 0.50693432]
 [ 0.49796949]
 [ 0.48900466]
 [ 0.48003983]
 [ 0.471075  ]
 [ 0.46211017]
 [ 0.45314534]
 [ 0.44418051]
 [ 0.43521568]
 [ 0.42625085]
 [ 0.41728602]
 [ 0.40832118]
 [ 0.39935635]
 [ 0.39039152]
 [ 0.38142669]
 [ 0.37246186]
 [ 0.36349703]
 [ 0.3545322 ]
 [ 0.34556737]
 [ 0.33660254]
 [ 0.32763771]
 [ 0.31867288]
 [ 0.30970805]
 [ 0.30074322]
 [ 0.29177839]
 [ 0.28281356]
 [ 0.27384873]
 [ 0.2648839 ]
 [ 0.25591907]
 [ 0.24695424]
 [ 0.2379894 ]
 [ 0.22902457]
 [ 0.22005974]
 [ 0.21109491]
 [ 0.20213008]
 [ 0.19316525]
 [ 0.18420042]
 [ 0.17523559]
 [ 0.16627076]
 [ 0.15730593]
 [ 0.1483411 ]
 [ 0.13937627]
 [ 0.13041144]
 [ 0.12144661]
 [ 0.11248178]
 [ 0.10351695]]
Problem 7 of 20.0
[[ 0.89648305]
 [ 0.88751822]
 [ 0.87855339]
 [ 0.86958856]
 [ 0.86062373]
 [ 0.8516589 ]
 [ 0.84269407]
 [ 0.83372924]
 [ 0.82476441]
 [ 0.81579958]
 [ 0.80683475]
 [ 0.79786992]
 [ 0.78890509]
 [ 0.77994026]
 [ 0.77097543]
 [ 0.7620106 ]
 [ 0.75304576]
 [ 0.74408093]
 [ 0.7351161 ]
 [ 0.72615127]
 [ 0.71718644]
 [ 0.70822161]
 [ 0.69925678]
 [ 0.69029195]
 [ 0.68132712]
 [ 0.67236229]
 [ 0.66339746]
 [ 0.65443263]
 [ 0.6454678 ]
 [ 0.63650297]
 [ 0.62753814]
 [ 0.61857331]
 [ 0.60960848]
 [ 0.60064365]
 [ 0.59167882]
 [ 0.58271398]
 [ 0.57374915]
 [ 0.56478432]
 [ 0.55581949]
 [ 0.54685466]
 [ 0.53788983]
 [ 0.528925  ]
 [ 0.51996017]
 [ 0.51099534]
 [ 0.50203051]
 [ 0.49306568]
 [ 0.48410085]
 [ 0.47513602]
 [ 0.46617119]
 [ 0.45720636]
 [ 0.44824153]
 [ 0.4392767 ]
 [ 0.43031187]
 [ 0.42134704]
 [ 0.4123822 ]
 [ 0.40341737]
 [ 0.39445254]
 [ 0.38548771]
 [ 0.37652288]
 [ 0.36755805]
 [ 0.35859322]
 [ 0.34962839]
 [ 0.34066356]
 [ 0.33169873]
 [ 0.3227339 ]
 [ 0.31376907]
 [ 0.30480424]
 [ 0.29583941]
 [ 0.28687458]
 [ 0.27790975]
 [ 0.26894492]
 [ 0.25998009]
 [ 0.25101525]
 [ 0.24205042]
 [ 0.23308559]
 [ 0.22412076]
 [ 0.21515593]
 [ 0.2061911 ]
 [ 0.19722627]
 [ 0.18826144]
 [ 0.17929661]
 [ 0.17033178]
 [ 0.16136695]
 [ 0.15240212]
 [ 0.14343729]
 [ 0.13447246]
 [ 0.12550763]
 [ 0.1165428 ]
 [ 0.10757797]
 [ 0.09861314]
 [ 0.08964831]
 [ 0.08068347]
 [ 0.07171864]
 [ 0.06275381]
 [ 0.05378898]
 [ 0.04482415]
 [ 0.03585932]
 [ 0.02689449]
 [ 0.01792966]
 [ 0.00896483]
 [ 0.        ]
 [ 1.        ]
 [ 0.99103517]
 [ 0.98207034]
 [ 0.97310551]
 [ 0.96414068]
 [ 0.95517585]
 [ 0.94621102]
 [ 0.93724619]
 [ 0.92828136]
 [ 0.91931653]
 [ 0.91035169]
 [ 0.90138686]
 [ 0.89242203]
 [ 0.8834572 ]
 [ 0.87449237]
 [ 0.86552754]
 [ 0.85656271]
 [ 0.84759788]
 [ 0.83863305]
 [ 0.82966822]
 [ 0.82070339]
 [ 0.81173856]
 [ 0.80277373]
 [ 0.7938089 ]
 [ 0.78484407]
 [ 0.77587924]
 [ 0.76691441]
 [ 0.75794958]
 [ 0.74898475]
 [ 0.74001991]
 [ 0.73105508]
 [ 0.72209025]
 [ 0.71312542]
 [ 0.70416059]
 [ 0.69519576]
 [ 0.68623093]
 [ 0.6772661 ]
 [ 0.66830127]
 [ 0.65933644]
 [ 0.65037161]
 [ 0.64140678]
 [ 0.63244195]
 [ 0.62347712]
 [ 0.61451229]
 [ 0.60554746]
 [ 0.59658263]
 [ 0.5876178 ]
 [ 0.57865296]
 [ 0.56968813]
 [ 0.5607233 ]
 [ 0.55175847]
 [ 0.54279364]
 [ 0.53382881]
 [ 0.52486398]
 [ 0.51589915]
 [ 0.50693432]
 [ 0.49796949]
 [ 0.48900466]
 [ 0.48003983]
 [ 0.471075  ]
 [ 0.46211017]
 [ 0.45314534]
 [ 0.44418051]
 [ 0.43521568]
 [ 0.42625085]
 [ 0.41728602]
 [ 0.40832118]
 [ 0.39935635]
 [ 0.39039152]
 [ 0.38142669]
 [ 0.37246186]
 [ 0.36349703]
 [ 0.3545322 ]
 [ 0.34556737]
 [ 0.33660254]
 [ 0.32763771]
 [ 0.31867288]
 [ 0.30970805]
 [ 0.30074322]
 [ 0.29177839]
 [ 0.28281356]
 [ 0.27384873]
 [ 0.2648839 ]
 [ 0.25591907]
 [ 0.24695424]
 [ 0.2379894 ]
 [ 0.22902457]
 [ 0.22005974]
 [ 0.21109491]
 [ 0.20213008]
 [ 0.19316525]
 [ 0.18420042]
 [ 0.17523559]
 [ 0.16627076]
 [ 0.15730593]
 [ 0.1483411 ]
 [ 0.13937627]
 [ 0.13041144]
 [ 0.12144661]
 [ 0.11248178]
 [ 0.10351695]]
Problem 8 of 20.0
[[ 0.89648305]
 [ 0.88751822]
 [ 0.87855339]
 [ 0.86958856]
 [ 0.86062373]
 [ 0.8516589 ]
 [ 0.84269407]
 [ 0.83372924]
 [ 0.82476441]
 [ 0.81579958]
 [ 0.80683475]
 [ 0.79786992]
 [ 0.78890509]
 [ 0.77994026]
 [ 0.77097543]
 [ 0.7620106 ]
 [ 0.75304576]
 [ 0.74408093]
 [ 0.7351161 ]
 [ 0.72615127]
 [ 0.71718644]
 [ 0.70822161]
 [ 0.69925678]
 [ 0.69029195]
 [ 0.68132712]
 [ 0.67236229]
 [ 0.66339746]
 [ 0.65443263]
 [ 0.6454678 ]
 [ 0.63650297]
 [ 0.62753814]
 [ 0.61857331]
 [ 0.60960848]
 [ 0.60064365]
 [ 0.59167882]
 [ 0.58271398]
 [ 0.57374915]
 [ 0.56478432]
 [ 0.55581949]
 [ 0.54685466]
 [ 0.53788983]
 [ 0.528925  ]
 [ 0.51996017]
 [ 0.51099534]
 [ 0.50203051]
 [ 0.49306568]
 [ 0.48410085]
 [ 0.47513602]
 [ 0.46617119]
 [ 0.45720636]
 [ 0.44824153]
 [ 0.4392767 ]
 [ 0.43031187]
 [ 0.42134704]
 [ 0.4123822 ]
 [ 0.40341737]
 [ 0.39445254]
 [ 0.38548771]
 [ 0.37652288]
 [ 0.36755805]
 [ 0.35859322]
 [ 0.34962839]
 [ 0.34066356]
 [ 0.33169873]
 [ 0.3227339 ]
 [ 0.31376907]
 [ 0.30480424]
 [ 0.29583941]
 [ 0.28687458]
 [ 0.27790975]
 [ 0.26894492]
 [ 0.25998009]
 [ 0.25101525]
 [ 0.24205042]
 [ 0.23308559]
 [ 0.22412076]
 [ 0.21515593]
 [ 0.2061911 ]
 [ 0.19722627]
 [ 0.18826144]
 [ 0.17929661]
 [ 0.17033178]
 [ 0.16136695]
 [ 0.15240212]
 [ 0.14343729]
 [ 0.13447246]
 [ 0.12550763]
 [ 0.1165428 ]
 [ 0.10757797]
 [ 0.09861314]
 [ 0.08964831]
 [ 0.08068347]
 [ 0.07171864]
 [ 0.06275381]
 [ 0.05378898]
 [ 0.04482415]
 [ 0.03585932]
 [ 0.02689449]
 [ 0.01792966]
 [ 0.00896483]
 [ 0.        ]
 [ 1.        ]
 [ 0.99103517]
 [ 0.98207034]
 [ 0.97310551]
 [ 0.96414068]
 [ 0.95517585]
 [ 0.94621102]
 [ 0.93724619]
 [ 0.92828136]
 [ 0.91931653]
 [ 0.91035169]
 [ 0.90138686]
 [ 0.89242203]
 [ 0.8834572 ]
 [ 0.87449237]
 [ 0.86552754]
 [ 0.85656271]
 [ 0.84759788]
 [ 0.83863305]
 [ 0.82966822]
 [ 0.82070339]
 [ 0.81173856]
 [ 0.80277373]
 [ 0.7938089 ]
 [ 0.78484407]
 [ 0.77587924]
 [ 0.76691441]
 [ 0.75794958]
 [ 0.74898475]
 [ 0.74001991]
 [ 0.73105508]
 [ 0.72209025]
 [ 0.71312542]
 [ 0.70416059]
 [ 0.69519576]
 [ 0.68623093]
 [ 0.6772661 ]
 [ 0.66830127]
 [ 0.65933644]
 [ 0.65037161]
 [ 0.64140678]
 [ 0.63244195]
 [ 0.62347712]
 [ 0.61451229]
 [ 0.60554746]
 [ 0.59658263]
 [ 0.5876178 ]
 [ 0.57865296]
 [ 0.56968813]
 [ 0.5607233 ]
 [ 0.55175847]
 [ 0.54279364]
 [ 0.53382881]
 [ 0.52486398]
 [ 0.51589915]
 [ 0.50693432]
 [ 0.49796949]
 [ 0.48900466]
 [ 0.48003983]
 [ 0.471075  ]
 [ 0.46211017]
 [ 0.45314534]
 [ 0.44418051]
 [ 0.43521568]
 [ 0.42625085]
 [ 0.41728602]
 [ 0.40832118]
 [ 0.39935635]
 [ 0.39039152]
 [ 0.38142669]
 [ 0.37246186]
 [ 0.36349703]
 [ 0.3545322 ]
 [ 0.34556737]
 [ 0.33660254]
 [ 0.32763771]
 [ 0.31867288]
 [ 0.30970805]
 [ 0.30074322]
 [ 0.29177839]
 [ 0.28281356]
 [ 0.27384873]
 [ 0.2648839 ]
 [ 0.25591907]
 [ 0.24695424]
 [ 0.2379894 ]
 [ 0.22902457]
 [ 0.22005974]
 [ 0.21109491]
 [ 0.20213008]
 [ 0.19316525]
 [ 0.18420042]
 [ 0.17523559]
 [ 0.16627076]
 [ 0.15730593]
 [ 0.1483411 ]
 [ 0.13937627]
 [ 0.13041144]
 [ 0.12144661]
 [ 0.11248178]
 [ 0.10351695]]
Problem 9 of 20.0
[[ 0.89648305]
 [ 0.88751822]
 [ 0.87855339]
 [ 0.86958856]
 [ 0.86062373]
 [ 0.8516589 ]
 [ 0.84269407]
 [ 0.83372924]
 [ 0.82476441]
 [ 0.81579958]
 [ 0.80683475]
 [ 0.79786992]
 [ 0.78890509]
 [ 0.77994026]
 [ 0.77097543]
 [ 0.7620106 ]
 [ 0.75304576]
 [ 0.74408093]
 [ 0.7351161 ]
 [ 0.72615127]
 [ 0.71718644]
 [ 0.70822161]
 [ 0.69925678]
 [ 0.69029195]
 [ 0.68132712]
 [ 0.67236229]
 [ 0.66339746]
 [ 0.65443263]
 [ 0.6454678 ]
 [ 0.63650297]
 [ 0.62753814]
 [ 0.61857331]
 [ 0.60960848]
 [ 0.60064365]
 [ 0.59167882]
 [ 0.58271398]
 [ 0.57374915]
 [ 0.56478432]
 [ 0.55581949]
 [ 0.54685466]
 [ 0.53788983]
 [ 0.528925  ]
 [ 0.51996017]
 [ 0.51099534]
 [ 0.50203051]
 [ 0.49306568]
 [ 0.48410085]
 [ 0.47513602]
 [ 0.46617119]
 [ 0.45720636]
 [ 0.44824153]
 [ 0.4392767 ]
 [ 0.43031187]
 [ 0.42134704]
 [ 0.4123822 ]
 [ 0.40341737]
 [ 0.39445254]
 [ 0.38548771]
 [ 0.37652288]
 [ 0.36755805]
 [ 0.35859322]
 [ 0.34962839]
 [ 0.34066356]
 [ 0.33169873]
 [ 0.3227339 ]
 [ 0.31376907]
 [ 0.30480424]
 [ 0.29583941]
 [ 0.28687458]
 [ 0.27790975]
 [ 0.26894492]
 [ 0.25998009]
 [ 0.25101525]
 [ 0.24205042]
 [ 0.23308559]
 [ 0.22412076]
 [ 0.21515593]
 [ 0.2061911 ]
 [ 0.19722627]
 [ 0.18826144]
 [ 0.17929661]
 [ 0.17033178]
 [ 0.16136695]
 [ 0.15240212]
 [ 0.14343729]
 [ 0.13447246]
 [ 0.12550763]
 [ 0.1165428 ]
 [ 0.10757797]
 [ 0.09861314]
 [ 0.08964831]
 [ 0.08068347]
 [ 0.07171864]
 [ 0.06275381]
 [ 0.05378898]
 [ 0.04482415]
 [ 0.03585932]
 [ 0.02689449]
 [ 0.01792966]
 [ 0.00896483]
 [ 0.        ]
 [ 1.        ]
 [ 0.99103517]
 [ 0.98207034]
 [ 0.97310551]
 [ 0.96414068]
 [ 0.95517585]
 [ 0.94621102]
 [ 0.93724619]
 [ 0.92828136]
 [ 0.91931653]
 [ 0.91035169]
 [ 0.90138686]
 [ 0.89242203]
 [ 0.8834572 ]
 [ 0.87449237]
 [ 0.86552754]
 [ 0.85656271]
 [ 0.84759788]
 [ 0.83863305]
 [ 0.82966822]
 [ 0.82070339]
 [ 0.81173856]
 [ 0.80277373]
 [ 0.7938089 ]
 [ 0.78484407]
 [ 0.77587924]
 [ 0.76691441]
 [ 0.75794958]
 [ 0.74898475]
 [ 0.74001991]
 [ 0.73105508]
 [ 0.72209025]
 [ 0.71312542]
 [ 0.70416059]
 [ 0.69519576]
 [ 0.68623093]
 [ 0.6772661 ]
 [ 0.66830127]
 [ 0.65933644]
 [ 0.65037161]
 [ 0.64140678]
 [ 0.63244195]
 [ 0.62347712]
 [ 0.61451229]
 [ 0.60554746]
 [ 0.59658263]
 [ 0.5876178 ]
 [ 0.57865296]
 [ 0.56968813]
 [ 0.5607233 ]
 [ 0.55175847]
 [ 0.54279364]
 [ 0.53382881]
 [ 0.52486398]
 [ 0.51589915]
 [ 0.50693432]
 [ 0.49796949]
 [ 0.48900466]
 [ 0.48003983]
 [ 0.471075  ]
 [ 0.46211017]
 [ 0.45314534]
 [ 0.44418051]
 [ 0.43521568]
 [ 0.42625085]
 [ 0.41728602]
 [ 0.40832118]
 [ 0.39935635]
 [ 0.39039152]
 [ 0.38142669]
 [ 0.37246186]
 [ 0.36349703]
 [ 0.3545322 ]
 [ 0.34556737]
 [ 0.33660254]
 [ 0.32763771]
 [ 0.31867288]
 [ 0.30970805]
 [ 0.30074322]
 [ 0.29177839]
 [ 0.28281356]
 [ 0.27384873]
 [ 0.2648839 ]
 [ 0.25591907]
 [ 0.24695424]
 [ 0.2379894 ]
 [ 0.22902457]
 [ 0.22005974]
 [ 0.21109491]
 [ 0.20213008]
 [ 0.19316525]
 [ 0.18420042]
 [ 0.17523559]
 [ 0.16627076]
 [ 0.15730593]
 [ 0.1483411 ]
 [ 0.13937627]
 [ 0.13041144]
 [ 0.12144661]
 [ 0.11248178]
 [ 0.10351695]]
Problem 10 of 20.0
[[ 0.89648305]
 [ 0.88751822]
 [ 0.87855339]
 [ 0.86958856]
 [ 0.86062373]
 [ 0.8516589 ]
 [ 0.84269407]
 [ 0.83372924]
 [ 0.82476441]
 [ 0.81579958]
 [ 0.80683475]
 [ 0.79786992]
 [ 0.78890509]
 [ 0.77994026]
 [ 0.77097543]
 [ 0.7620106 ]
 [ 0.75304576]
 [ 0.74408093]
 [ 0.7351161 ]
 [ 0.72615127]
 [ 0.71718644]
 [ 0.70822161]
 [ 0.69925678]
 [ 0.69029195]
 [ 0.68132712]
 [ 0.67236229]
 [ 0.66339746]
 [ 0.65443263]
 [ 0.6454678 ]
 [ 0.63650297]
 [ 0.62753814]
 [ 0.61857331]
 [ 0.60960848]
 [ 0.60064365]
 [ 0.59167882]
 [ 0.58271398]
 [ 0.57374915]
 [ 0.56478432]
 [ 0.55581949]
 [ 0.54685466]
 [ 0.53788983]
 [ 0.528925  ]
 [ 0.51996017]
 [ 0.51099534]
 [ 0.50203051]
 [ 0.49306568]
 [ 0.48410085]
 [ 0.47513602]
 [ 0.46617119]
 [ 0.45720636]
 [ 0.44824153]
 [ 0.4392767 ]
 [ 0.43031187]
 [ 0.42134704]
 [ 0.4123822 ]
 [ 0.40341737]
 [ 0.39445254]
 [ 0.38548771]
 [ 0.37652288]
 [ 0.36755805]
 [ 0.35859322]
 [ 0.34962839]
 [ 0.34066356]
 [ 0.33169873]
 [ 0.3227339 ]
 [ 0.31376907]
 [ 0.30480424]
 [ 0.29583941]
 [ 0.28687458]
 [ 0.27790975]
 [ 0.26894492]
 [ 0.25998009]
 [ 0.25101525]
 [ 0.24205042]
 [ 0.23308559]
 [ 0.22412076]
 [ 0.21515593]
 [ 0.2061911 ]
 [ 0.19722627]
 [ 0.18826144]
 [ 0.17929661]
 [ 0.17033178]
 [ 0.16136695]
 [ 0.15240212]
 [ 0.14343729]
 [ 0.13447246]
 [ 0.12550763]
 [ 0.1165428 ]
 [ 0.10757797]
 [ 0.09861314]
 [ 0.08964831]
 [ 0.08068347]
 [ 0.07171864]
 [ 0.06275381]
 [ 0.05378898]
 [ 0.04482415]
 [ 0.03585932]
 [ 0.02689449]
 [ 0.01792966]
 [ 0.00896483]
 [ 0.        ]
 [ 1.        ]
 [ 0.99103517]
 [ 0.98207034]
 [ 0.97310551]
 [ 0.96414068]
 [ 0.95517585]
 [ 0.94621102]
 [ 0.93724619]
 [ 0.92828136]
 [ 0.91931653]
 [ 0.91035169]
 [ 0.90138686]
 [ 0.89242203]
 [ 0.8834572 ]
 [ 0.87449237]
 [ 0.86552754]
 [ 0.85656271]
 [ 0.84759788]
 [ 0.83863305]
 [ 0.82966822]
 [ 0.82070339]
 [ 0.81173856]
 [ 0.80277373]
 [ 0.7938089 ]
 [ 0.78484407]
 [ 0.77587924]
 [ 0.76691441]
 [ 0.75794958]
 [ 0.74898475]
 [ 0.74001991]
 [ 0.73105508]
 [ 0.72209025]
 [ 0.71312542]
 [ 0.70416059]
 [ 0.69519576]
 [ 0.68623093]
 [ 0.6772661 ]
 [ 0.66830127]
 [ 0.65933644]
 [ 0.65037161]
 [ 0.64140678]
 [ 0.63244195]
 [ 0.62347712]
 [ 0.61451229]
 [ 0.60554746]
 [ 0.59658263]
 [ 0.5876178 ]
 [ 0.57865296]
 [ 0.56968813]
 [ 0.5607233 ]
 [ 0.55175847]
 [ 0.54279364]
 [ 0.53382881]
 [ 0.52486398]
 [ 0.51589915]
 [ 0.50693432]
 [ 0.49796949]
 [ 0.48900466]
 [ 0.48003983]
 [ 0.471075  ]
 [ 0.46211017]
 [ 0.45314534]
 [ 0.44418051]
 [ 0.43521568]
 [ 0.42625085]
 [ 0.41728602]
 [ 0.40832118]
 [ 0.39935635]
 [ 0.39039152]
 [ 0.38142669]
 [ 0.37246186]
 [ 0.36349703]
 [ 0.3545322 ]
 [ 0.34556737]
 [ 0.33660254]
 [ 0.32763771]
 [ 0.31867288]
 [ 0.30970805]
 [ 0.30074322]
 [ 0.29177839]
 [ 0.28281356]
 [ 0.27384873]
 [ 0.2648839 ]
 [ 0.25591907]
 [ 0.24695424]
 [ 0.2379894 ]
 [ 0.22902457]
 [ 0.22005974]
 [ 0.21109491]
 [ 0.20213008]
 [ 0.19316525]
 [ 0.18420042]
 [ 0.17523559]
 [ 0.16627076]
 [ 0.15730593]
 [ 0.1483411 ]
 [ 0.13937627]
 [ 0.13041144]
 [ 0.12144661]
 [ 0.11248178]
 [ 0.10351695]]
Problem 11 of 20.0
[[ 0.89648305]
 [ 0.88751822]
 [ 0.87855339]
 [ 0.86958856]
 [ 0.86062373]
 [ 0.8516589 ]
 [ 0.84269407]
 [ 0.83372924]
 [ 0.82476441]
 [ 0.81579958]
 [ 0.80683475]
 [ 0.79786992]
 [ 0.78890509]
 [ 0.77994026]
 [ 0.77097543]
 [ 0.7620106 ]
 [ 0.75304576]
 [ 0.74408093]
 [ 0.7351161 ]
 [ 0.72615127]
 [ 0.71718644]
 [ 0.70822161]
 [ 0.69925678]
 [ 0.69029195]
 [ 0.68132712]
 [ 0.67236229]
 [ 0.66339746]
 [ 0.65443263]
 [ 0.6454678 ]
 [ 0.63650297]
 [ 0.62753814]
 [ 0.61857331]
 [ 0.60960848]
 [ 0.60064365]
 [ 0.59167882]
 [ 0.58271398]
 [ 0.57374915]
 [ 0.56478432]
 [ 0.55581949]
 [ 0.54685466]
 [ 0.53788983]
 [ 0.528925  ]
 [ 0.51996017]
 [ 0.51099534]
 [ 0.50203051]
 [ 0.49306568]
 [ 0.48410085]
 [ 0.47513602]
 [ 0.46617119]
 [ 0.45720636]
 [ 0.44824153]
 [ 0.4392767 ]
 [ 0.43031187]
 [ 0.42134704]
 [ 0.4123822 ]
 [ 0.40341737]
 [ 0.39445254]
 [ 0.38548771]
 [ 0.37652288]
 [ 0.36755805]
 [ 0.35859322]
 [ 0.34962839]
 [ 0.34066356]
 [ 0.33169873]
 [ 0.3227339 ]
 [ 0.31376907]
 [ 0.30480424]
 [ 0.29583941]
 [ 0.28687458]
 [ 0.27790975]
 [ 0.26894492]
 [ 0.25998009]
 [ 0.25101525]
 [ 0.24205042]
 [ 0.23308559]
 [ 0.22412076]
 [ 0.21515593]
 [ 0.2061911 ]
 [ 0.19722627]
 [ 0.18826144]
 [ 0.17929661]
 [ 0.17033178]
 [ 0.16136695]
 [ 0.15240212]
 [ 0.14343729]
 [ 0.13447246]
 [ 0.12550763]
 [ 0.1165428 ]
 [ 0.10757797]
 [ 0.09861314]
 [ 0.08964831]
 [ 0.08068347]
 [ 0.07171864]
 [ 0.06275381]
 [ 0.05378898]
 [ 0.04482415]
 [ 0.03585932]
 [ 0.02689449]
 [ 0.01792966]
 [ 0.00896483]
 [ 0.        ]
 [ 1.        ]
 [ 0.99103517]
 [ 0.98207034]
 [ 0.97310551]
 [ 0.96414068]
 [ 0.95517585]
 [ 0.94621102]
 [ 0.93724619]
 [ 0.92828136]
 [ 0.91931653]
 [ 0.91035169]
 [ 0.90138686]
 [ 0.89242203]
 [ 0.8834572 ]
 [ 0.87449237]
 [ 0.86552754]
 [ 0.85656271]
 [ 0.84759788]
 [ 0.83863305]
 [ 0.82966822]
 [ 0.82070339]
 [ 0.81173856]
 [ 0.80277373]
 [ 0.7938089 ]
 [ 0.78484407]
 [ 0.77587924]
 [ 0.76691441]
 [ 0.75794958]
 [ 0.74898475]
 [ 0.74001991]
 [ 0.73105508]
 [ 0.72209025]
 [ 0.71312542]
 [ 0.70416059]
 [ 0.69519576]
 [ 0.68623093]
 [ 0.6772661 ]
 [ 0.66830127]
 [ 0.65933644]
 [ 0.65037161]
 [ 0.64140678]
 [ 0.63244195]
 [ 0.62347712]
 [ 0.61451229]
 [ 0.60554746]
 [ 0.59658263]
 [ 0.5876178 ]
 [ 0.57865296]
 [ 0.56968813]
 [ 0.5607233 ]
 [ 0.55175847]
 [ 0.54279364]
 [ 0.53382881]
 [ 0.52486398]
 [ 0.51589915]
 [ 0.50693432]
 [ 0.49796949]
 [ 0.48900466]
 [ 0.48003983]
 [ 0.471075  ]
 [ 0.46211017]
 [ 0.45314534]
 [ 0.44418051]
 [ 0.43521568]
 [ 0.42625085]
 [ 0.41728602]
 [ 0.40832118]
 [ 0.39935635]
 [ 0.39039152]
 [ 0.38142669]
 [ 0.37246186]
 [ 0.36349703]
 [ 0.3545322 ]
 [ 0.34556737]
 [ 0.33660254]
 [ 0.32763771]
 [ 0.31867288]
 [ 0.30970805]
 [ 0.30074322]
 [ 0.29177839]
 [ 0.28281356]
 [ 0.27384873]
 [ 0.2648839 ]
 [ 0.25591907]
 [ 0.24695424]
 [ 0.2379894 ]
 [ 0.22902457]
 [ 0.22005974]
 [ 0.21109491]
 [ 0.20213008]
 [ 0.19316525]
 [ 0.18420042]
 [ 0.17523559]
 [ 0.16627076]
 [ 0.15730593]
 [ 0.1483411 ]
 [ 0.13937627]
 [ 0.13041144]
 [ 0.12144661]
 [ 0.11248178]
 [ 0.10351695]]
Problem 12 of 20.0
[[ 0.89648305]
 [ 0.88751822]
 [ 0.87855339]
 [ 0.86958856]
 [ 0.86062373]
 [ 0.8516589 ]
 [ 0.84269407]
 [ 0.83372924]
 [ 0.82476441]
 [ 0.81579958]
 [ 0.80683475]
 [ 0.79786992]
 [ 0.78890509]
 [ 0.77994026]
 [ 0.77097543]
 [ 0.7620106 ]
 [ 0.75304576]
 [ 0.74408093]
 [ 0.7351161 ]
 [ 0.72615127]
 [ 0.71718644]
 [ 0.70822161]
 [ 0.69925678]
 [ 0.69029195]
 [ 0.68132712]
 [ 0.67236229]
 [ 0.66339746]
 [ 0.65443263]
 [ 0.6454678 ]
 [ 0.63650297]
 [ 0.62753814]
 [ 0.61857331]
 [ 0.60960848]
 [ 0.60064365]
 [ 0.59167882]
 [ 0.58271398]
 [ 0.57374915]
 [ 0.56478432]
 [ 0.55581949]
 [ 0.54685466]
 [ 0.53788983]
 [ 0.528925  ]
 [ 0.51996017]
 [ 0.51099534]
 [ 0.50203051]
 [ 0.49306568]
 [ 0.48410085]
 [ 0.47513602]
 [ 0.46617119]
 [ 0.45720636]
 [ 0.44824153]
 [ 0.4392767 ]
 [ 0.43031187]
 [ 0.42134704]
 [ 0.4123822 ]
 [ 0.40341737]
 [ 0.39445254]
 [ 0.38548771]
 [ 0.37652288]
 [ 0.36755805]
 [ 0.35859322]
 [ 0.34962839]
 [ 0.34066356]
 [ 0.33169873]
 [ 0.3227339 ]
 [ 0.31376907]
 [ 0.30480424]
 [ 0.29583941]
 [ 0.28687458]
 [ 0.27790975]
 [ 0.26894492]
 [ 0.25998009]
 [ 0.25101525]
 [ 0.24205042]
 [ 0.23308559]
 [ 0.22412076]
 [ 0.21515593]
 [ 0.2061911 ]
 [ 0.19722627]
 [ 0.18826144]
 [ 0.17929661]
 [ 0.17033178]
 [ 0.16136695]
 [ 0.15240212]
 [ 0.14343729]
 [ 0.13447246]
 [ 0.12550763]
 [ 0.1165428 ]
 [ 0.10757797]
 [ 0.09861314]
 [ 0.08964831]
 [ 0.08068347]
 [ 0.07171864]
 [ 0.06275381]
 [ 0.05378898]
 [ 0.04482415]
 [ 0.03585932]
 [ 0.02689449]
 [ 0.01792966]
 [ 0.00896483]
 [ 0.        ]
 [ 1.        ]
 [ 0.99103517]
 [ 0.98207034]
 [ 0.97310551]
 [ 0.96414068]
 [ 0.95517585]
 [ 0.94621102]
 [ 0.93724619]
 [ 0.92828136]
 [ 0.91931653]
 [ 0.91035169]
 [ 0.90138686]
 [ 0.89242203]
 [ 0.8834572 ]
 [ 0.87449237]
 [ 0.86552754]
 [ 0.85656271]
 [ 0.84759788]
 [ 0.83863305]
 [ 0.82966822]
 [ 0.82070339]
 [ 0.81173856]
 [ 0.80277373]
 [ 0.7938089 ]
 [ 0.78484407]
 [ 0.77587924]
 [ 0.76691441]
 [ 0.75794958]
 [ 0.74898475]
 [ 0.74001991]
 [ 0.73105508]
 [ 0.72209025]
 [ 0.71312542]
 [ 0.70416059]
 [ 0.69519576]
 [ 0.68623093]
 [ 0.6772661 ]
 [ 0.66830127]
 [ 0.65933644]
 [ 0.65037161]
 [ 0.64140678]
 [ 0.63244195]
 [ 0.62347712]
 [ 0.61451229]
 [ 0.60554746]
 [ 0.59658263]
 [ 0.5876178 ]
 [ 0.57865296]
 [ 0.56968813]
 [ 0.5607233 ]
 [ 0.55175847]
 [ 0.54279364]
 [ 0.53382881]
 [ 0.52486398]
 [ 0.51589915]
 [ 0.50693432]
 [ 0.49796949]
 [ 0.48900466]
 [ 0.48003983]
 [ 0.471075  ]
 [ 0.46211017]
 [ 0.45314534]
 [ 0.44418051]
 [ 0.43521568]
 [ 0.42625085]
 [ 0.41728602]
 [ 0.40832118]
 [ 0.39935635]
 [ 0.39039152]
 [ 0.38142669]
 [ 0.37246186]
 [ 0.36349703]
 [ 0.3545322 ]
 [ 0.34556737]
 [ 0.33660254]
 [ 0.32763771]
 [ 0.31867288]
 [ 0.30970805]
 [ 0.30074322]
 [ 0.29177839]
 [ 0.28281356]
 [ 0.27384873]
 [ 0.2648839 ]
 [ 0.25591907]
 [ 0.24695424]
 [ 0.2379894 ]
 [ 0.22902457]
 [ 0.22005974]
 [ 0.21109491]
 [ 0.20213008]
 [ 0.19316525]
 [ 0.18420042]
 [ 0.17523559]
 [ 0.16627076]
 [ 0.15730593]
 [ 0.1483411 ]
 [ 0.13937627]
 [ 0.13041144]
 [ 0.12144661]
 [ 0.11248178]
 [ 0.10351695]]
Problem 13 of 20.0
[[ 0.89648305]
 [ 0.88751822]
 [ 0.87855339]
 [ 0.86958856]
 [ 0.86062373]
 [ 0.8516589 ]
 [ 0.84269407]
 [ 0.83372924]
 [ 0.82476441]
 [ 0.81579958]
 [ 0.80683475]
 [ 0.79786992]
 [ 0.78890509]
 [ 0.77994026]
 [ 0.77097543]
 [ 0.7620106 ]
 [ 0.75304576]
 [ 0.74408093]
 [ 0.7351161 ]
 [ 0.72615127]
 [ 0.71718644]
 [ 0.70822161]
 [ 0.69925678]
 [ 0.69029195]
 [ 0.68132712]
 [ 0.67236229]
 [ 0.66339746]
 [ 0.65443263]
 [ 0.6454678 ]
 [ 0.63650297]
 [ 0.62753814]
 [ 0.61857331]
 [ 0.60960848]
 [ 0.60064365]
 [ 0.59167882]
 [ 0.58271398]
 [ 0.57374915]
 [ 0.56478432]
 [ 0.55581949]
 [ 0.54685466]
 [ 0.53788983]
 [ 0.528925  ]
 [ 0.51996017]
 [ 0.51099534]
 [ 0.50203051]
 [ 0.49306568]
 [ 0.48410085]
 [ 0.47513602]
 [ 0.46617119]
 [ 0.45720636]
 [ 0.44824153]
 [ 0.4392767 ]
 [ 0.43031187]
 [ 0.42134704]
 [ 0.4123822 ]
 [ 0.40341737]
 [ 0.39445254]
 [ 0.38548771]
 [ 0.37652288]
 [ 0.36755805]
 [ 0.35859322]
 [ 0.34962839]
 [ 0.34066356]
 [ 0.33169873]
 [ 0.3227339 ]
 [ 0.31376907]
 [ 0.30480424]
 [ 0.29583941]
 [ 0.28687458]
 [ 0.27790975]
 [ 0.26894492]
 [ 0.25998009]
 [ 0.25101525]
 [ 0.24205042]
 [ 0.23308559]
 [ 0.22412076]
 [ 0.21515593]
 [ 0.2061911 ]
 [ 0.19722627]
 [ 0.18826144]
 [ 0.17929661]
 [ 0.17033178]
 [ 0.16136695]
 [ 0.15240212]
 [ 0.14343729]
 [ 0.13447246]
 [ 0.12550763]
 [ 0.1165428 ]
 [ 0.10757797]
 [ 0.09861314]
 [ 0.08964831]
 [ 0.08068347]
 [ 0.07171864]
 [ 0.06275381]
 [ 0.05378898]
 [ 0.04482415]
 [ 0.03585932]
 [ 0.02689449]
 [ 0.01792966]
 [ 0.00896483]
 [ 0.        ]
 [ 1.        ]
 [ 0.99103517]
 [ 0.98207034]
 [ 0.97310551]
 [ 0.96414068]
 [ 0.95517585]
 [ 0.94621102]
 [ 0.93724619]
 [ 0.92828136]
 [ 0.91931653]
 [ 0.91035169]
 [ 0.90138686]
 [ 0.89242203]
 [ 0.8834572 ]
 [ 0.87449237]
 [ 0.86552754]
 [ 0.85656271]
 [ 0.84759788]
 [ 0.83863305]
 [ 0.82966822]
 [ 0.82070339]
 [ 0.81173856]
 [ 0.80277373]
 [ 0.7938089 ]
 [ 0.78484407]
 [ 0.77587924]
 [ 0.76691441]
 [ 0.75794958]
 [ 0.74898475]
 [ 0.74001991]
 [ 0.73105508]
 [ 0.72209025]
 [ 0.71312542]
 [ 0.70416059]
 [ 0.69519576]
 [ 0.68623093]
 [ 0.6772661 ]
 [ 0.66830127]
 [ 0.65933644]
 [ 0.65037161]
 [ 0.64140678]
 [ 0.63244195]
 [ 0.62347712]
 [ 0.61451229]
 [ 0.60554746]
 [ 0.59658263]
 [ 0.5876178 ]
 [ 0.57865296]
 [ 0.56968813]
 [ 0.5607233 ]
 [ 0.55175847]
 [ 0.54279364]
 [ 0.53382881]
 [ 0.52486398]
 [ 0.51589915]
 [ 0.50693432]
 [ 0.49796949]
 [ 0.48900466]
 [ 0.48003983]
 [ 0.471075  ]
 [ 0.46211017]
 [ 0.45314534]
 [ 0.44418051]
 [ 0.43521568]
 [ 0.42625085]
 [ 0.41728602]
 [ 0.40832118]
 [ 0.39935635]
 [ 0.39039152]
 [ 0.38142669]
 [ 0.37246186]
 [ 0.36349703]
 [ 0.3545322 ]
 [ 0.34556737]
 [ 0.33660254]
 [ 0.32763771]
 [ 0.31867288]
 [ 0.30970805]
 [ 0.30074322]
 [ 0.29177839]
 [ 0.28281356]
 [ 0.27384873]
 [ 0.2648839 ]
 [ 0.25591907]
 [ 0.24695424]
 [ 0.2379894 ]
 [ 0.22902457]
 [ 0.22005974]
 [ 0.21109491]
 [ 0.20213008]
 [ 0.19316525]
 [ 0.18420042]
 [ 0.17523559]
 [ 0.16627076]
 [ 0.15730593]
 [ 0.1483411 ]
 [ 0.13937627]
 [ 0.13041144]
 [ 0.12144661]
 [ 0.11248178]
 [ 0.10351695]]
Problem 14 of 20.0
[[ 0.89648305]
 [ 0.88751822]
 [ 0.87855339]
 [ 0.86958856]
 [ 0.86062373]
 [ 0.8516589 ]
 [ 0.84269407]
 [ 0.83372924]
 [ 0.82476441]
 [ 0.81579958]
 [ 0.80683475]
 [ 0.79786992]
 [ 0.78890509]
 [ 0.77994026]
 [ 0.77097543]
 [ 0.7620106 ]
 [ 0.75304576]
 [ 0.74408093]
 [ 0.7351161 ]
 [ 0.72615127]
 [ 0.71718644]
 [ 0.70822161]
 [ 0.69925678]
 [ 0.69029195]
 [ 0.68132712]
 [ 0.67236229]
 [ 0.66339746]
 [ 0.65443263]
 [ 0.6454678 ]
 [ 0.63650297]
 [ 0.62753814]
 [ 0.61857331]
 [ 0.60960848]
 [ 0.60064365]
 [ 0.59167882]
 [ 0.58271398]
 [ 0.57374915]
 [ 0.56478432]
 [ 0.55581949]
 [ 0.54685466]
 [ 0.53788983]
 [ 0.528925  ]
 [ 0.51996017]
 [ 0.51099534]
 [ 0.50203051]
 [ 0.49306568]
 [ 0.48410085]
 [ 0.47513602]
 [ 0.46617119]
 [ 0.45720636]
 [ 0.44824153]
 [ 0.4392767 ]
 [ 0.43031187]
 [ 0.42134704]
 [ 0.4123822 ]
 [ 0.40341737]
 [ 0.39445254]
 [ 0.38548771]
 [ 0.37652288]
 [ 0.36755805]
 [ 0.35859322]
 [ 0.34962839]
 [ 0.34066356]
 [ 0.33169873]
 [ 0.3227339 ]
 [ 0.31376907]
 [ 0.30480424]
 [ 0.29583941]
 [ 0.28687458]
 [ 0.27790975]
 [ 0.26894492]
 [ 0.25998009]
 [ 0.25101525]
 [ 0.24205042]
 [ 0.23308559]
 [ 0.22412076]
 [ 0.21515593]
 [ 0.2061911 ]
 [ 0.19722627]
 [ 0.18826144]
 [ 0.17929661]
 [ 0.17033178]
 [ 0.16136695]
 [ 0.15240212]
 [ 0.14343729]
 [ 0.13447246]
 [ 0.12550763]
 [ 0.1165428 ]
 [ 0.10757797]
 [ 0.09861314]
 [ 0.08964831]
 [ 0.08068347]
 [ 0.07171864]
 [ 0.06275381]
 [ 0.05378898]
 [ 0.04482415]
 [ 0.03585932]
 [ 0.02689449]
 [ 0.01792966]
 [ 0.00896483]
 [ 0.        ]
 [ 1.        ]
 [ 0.99103517]
 [ 0.98207034]
 [ 0.97310551]
 [ 0.96414068]
 [ 0.95517585]
 [ 0.94621102]
 [ 0.93724619]
 [ 0.92828136]
 [ 0.91931653]
 [ 0.91035169]
 [ 0.90138686]
 [ 0.89242203]
 [ 0.8834572 ]
 [ 0.87449237]
 [ 0.86552754]
 [ 0.85656271]
 [ 0.84759788]
 [ 0.83863305]
 [ 0.82966822]
 [ 0.82070339]
 [ 0.81173856]
 [ 0.80277373]
 [ 0.7938089 ]
 [ 0.78484407]
 [ 0.77587924]
 [ 0.76691441]
 [ 0.75794958]
 [ 0.74898475]
 [ 0.74001991]
 [ 0.73105508]
 [ 0.72209025]
 [ 0.71312542]
 [ 0.70416059]
 [ 0.69519576]
 [ 0.68623093]
 [ 0.6772661 ]
 [ 0.66830127]
 [ 0.65933644]
 [ 0.65037161]
 [ 0.64140678]
 [ 0.63244195]
 [ 0.62347712]
 [ 0.61451229]
 [ 0.60554746]
 [ 0.59658263]
 [ 0.5876178 ]
 [ 0.57865296]
 [ 0.56968813]
 [ 0.5607233 ]
 [ 0.55175847]
 [ 0.54279364]
 [ 0.53382881]
 [ 0.52486398]
 [ 0.51589915]
 [ 0.50693432]
 [ 0.49796949]
 [ 0.48900466]
 [ 0.48003983]
 [ 0.471075  ]
 [ 0.46211017]
 [ 0.45314534]
 [ 0.44418051]
 [ 0.43521568]
 [ 0.42625085]
 [ 0.41728602]
 [ 0.40832118]
 [ 0.39935635]
 [ 0.39039152]
 [ 0.38142669]
 [ 0.37246186]
 [ 0.36349703]
 [ 0.3545322 ]
 [ 0.34556737]
 [ 0.33660254]
 [ 0.32763771]
 [ 0.31867288]
 [ 0.30970805]
 [ 0.30074322]
 [ 0.29177839]
 [ 0.28281356]
 [ 0.27384873]
 [ 0.2648839 ]
 [ 0.25591907]
 [ 0.24695424]
 [ 0.2379894 ]
 [ 0.22902457]
 [ 0.22005974]
 [ 0.21109491]
 [ 0.20213008]
 [ 0.19316525]
 [ 0.18420042]
 [ 0.17523559]
 [ 0.16627076]
 [ 0.15730593]
 [ 0.1483411 ]
 [ 0.13937627]
 [ 0.13041144]
 [ 0.12144661]
 [ 0.11248178]
 [ 0.10351695]]
Problem 15 of 20.0
[[ 0.89648305]
 [ 0.88751822]
 [ 0.87855339]
 [ 0.86958856]
 [ 0.86062373]
 [ 0.8516589 ]
 [ 0.84269407]
 [ 0.83372924]
 [ 0.82476441]
 [ 0.81579958]
 [ 0.80683475]
 [ 0.79786992]
 [ 0.78890509]
 [ 0.77994026]
 [ 0.77097543]
 [ 0.7620106 ]
 [ 0.75304576]
 [ 0.74408093]
 [ 0.7351161 ]
 [ 0.72615127]
 [ 0.71718644]
 [ 0.70822161]
 [ 0.69925678]
 [ 0.69029195]
 [ 0.68132712]
 [ 0.67236229]
 [ 0.66339746]
 [ 0.65443263]
 [ 0.6454678 ]
 [ 0.63650297]
 [ 0.62753814]
 [ 0.61857331]
 [ 0.60960848]
 [ 0.60064365]
 [ 0.59167882]
 [ 0.58271398]
 [ 0.57374915]
 [ 0.56478432]
 [ 0.55581949]
 [ 0.54685466]
 [ 0.53788983]
 [ 0.528925  ]
 [ 0.51996017]
 [ 0.51099534]
 [ 0.50203051]
 [ 0.49306568]
 [ 0.48410085]
 [ 0.47513602]
 [ 0.46617119]
 [ 0.45720636]
 [ 0.44824153]
 [ 0.4392767 ]
 [ 0.43031187]
 [ 0.42134704]
 [ 0.4123822 ]
 [ 0.40341737]
 [ 0.39445254]
 [ 0.38548771]
 [ 0.37652288]
 [ 0.36755805]
 [ 0.35859322]
 [ 0.34962839]
 [ 0.34066356]
 [ 0.33169873]
 [ 0.3227339 ]
 [ 0.31376907]
 [ 0.30480424]
 [ 0.29583941]
 [ 0.28687458]
 [ 0.27790975]
 [ 0.26894492]
 [ 0.25998009]
 [ 0.25101525]
 [ 0.24205042]
 [ 0.23308559]
 [ 0.22412076]
 [ 0.21515593]
 [ 0.2061911 ]
 [ 0.19722627]
 [ 0.18826144]
 [ 0.17929661]
 [ 0.17033178]
 [ 0.16136695]
 [ 0.15240212]
 [ 0.14343729]
 [ 0.13447246]
 [ 0.12550763]
 [ 0.1165428 ]
 [ 0.10757797]
 [ 0.09861314]
 [ 0.08964831]
 [ 0.08068347]
 [ 0.07171864]
 [ 0.06275381]
 [ 0.05378898]
 [ 0.04482415]
 [ 0.03585932]
 [ 0.02689449]
 [ 0.01792966]
 [ 0.00896483]
 [ 0.        ]
 [ 1.        ]
 [ 0.99103517]
 [ 0.98207034]
 [ 0.97310551]
 [ 0.96414068]
 [ 0.95517585]
 [ 0.94621102]
 [ 0.93724619]
 [ 0.92828136]
 [ 0.91931653]
 [ 0.91035169]
 [ 0.90138686]
 [ 0.89242203]
 [ 0.8834572 ]
 [ 0.87449237]
 [ 0.86552754]
 [ 0.85656271]
 [ 0.84759788]
 [ 0.83863305]
 [ 0.82966822]
 [ 0.82070339]
 [ 0.81173856]
 [ 0.80277373]
 [ 0.7938089 ]
 [ 0.78484407]
 [ 0.77587924]
 [ 0.76691441]
 [ 0.75794958]
 [ 0.74898475]
 [ 0.74001991]
 [ 0.73105508]
 [ 0.72209025]
 [ 0.71312542]
 [ 0.70416059]
 [ 0.69519576]
 [ 0.68623093]
 [ 0.6772661 ]
 [ 0.66830127]
 [ 0.65933644]
 [ 0.65037161]
 [ 0.64140678]
 [ 0.63244195]
 [ 0.62347712]
 [ 0.61451229]
 [ 0.60554746]
 [ 0.59658263]
 [ 0.5876178 ]
 [ 0.57865296]
 [ 0.56968813]
 [ 0.5607233 ]
 [ 0.55175847]
 [ 0.54279364]
 [ 0.53382881]
 [ 0.52486398]
 [ 0.51589915]
 [ 0.50693432]
 [ 0.49796949]
 [ 0.48900466]
 [ 0.48003983]
 [ 0.471075  ]
 [ 0.46211017]
 [ 0.45314534]
 [ 0.44418051]
 [ 0.43521568]
 [ 0.42625085]
 [ 0.41728602]
 [ 0.40832118]
 [ 0.39935635]
 [ 0.39039152]
 [ 0.38142669]
 [ 0.37246186]
 [ 0.36349703]
 [ 0.3545322 ]
 [ 0.34556737]
 [ 0.33660254]
 [ 0.32763771]
 [ 0.31867288]
 [ 0.30970805]
 [ 0.30074322]
 [ 0.29177839]
 [ 0.28281356]
 [ 0.27384873]
 [ 0.2648839 ]
 [ 0.25591907]
 [ 0.24695424]
 [ 0.2379894 ]
 [ 0.22902457]
 [ 0.22005974]
 [ 0.21109491]
 [ 0.20213008]
 [ 0.19316525]
 [ 0.18420042]
 [ 0.17523559]
 [ 0.16627076]
 [ 0.15730593]
 [ 0.1483411 ]
 [ 0.13937627]
 [ 0.13041144]
 [ 0.12144661]
 [ 0.11248178]
 [ 0.10351695]]
Problem 16 of 20.0
[[ 0.89648305]
 [ 0.88751822]
 [ 0.87855339]
 [ 0.86958856]
 [ 0.86062373]
 [ 0.8516589 ]
 [ 0.84269407]
 [ 0.83372924]
 [ 0.82476441]
 [ 0.81579958]
 [ 0.80683475]
 [ 0.79786992]
 [ 0.78890509]
 [ 0.77994026]
 [ 0.77097543]
 [ 0.7620106 ]
 [ 0.75304576]
 [ 0.74408093]
 [ 0.7351161 ]
 [ 0.72615127]
 [ 0.71718644]
 [ 0.70822161]
 [ 0.69925678]
 [ 0.69029195]
 [ 0.68132712]
 [ 0.67236229]
 [ 0.66339746]
 [ 0.65443263]
 [ 0.6454678 ]
 [ 0.63650297]
 [ 0.62753814]
 [ 0.61857331]
 [ 0.60960848]
 [ 0.60064365]
 [ 0.59167882]
 [ 0.58271398]
 [ 0.57374915]
 [ 0.56478432]
 [ 0.55581949]
 [ 0.54685466]
 [ 0.53788983]
 [ 0.528925  ]
 [ 0.51996017]
 [ 0.51099534]
 [ 0.50203051]
 [ 0.49306568]
 [ 0.48410085]
 [ 0.47513602]
 [ 0.46617119]
 [ 0.45720636]
 [ 0.44824153]
 [ 0.4392767 ]
 [ 0.43031187]
 [ 0.42134704]
 [ 0.4123822 ]
 [ 0.40341737]
 [ 0.39445254]
 [ 0.38548771]
 [ 0.37652288]
 [ 0.36755805]
 [ 0.35859322]
 [ 0.34962839]
 [ 0.34066356]
 [ 0.33169873]
 [ 0.3227339 ]
 [ 0.31376907]
 [ 0.30480424]
 [ 0.29583941]
 [ 0.28687458]
 [ 0.27790975]
 [ 0.26894492]
 [ 0.25998009]
 [ 0.25101525]
 [ 0.24205042]
 [ 0.23308559]
 [ 0.22412076]
 [ 0.21515593]
 [ 0.2061911 ]
 [ 0.19722627]
 [ 0.18826144]
 [ 0.17929661]
 [ 0.17033178]
 [ 0.16136695]
 [ 0.15240212]
 [ 0.14343729]
 [ 0.13447246]
 [ 0.12550763]
 [ 0.1165428 ]
 [ 0.10757797]
 [ 0.09861314]
 [ 0.08964831]
 [ 0.08068347]
 [ 0.07171864]
 [ 0.06275381]
 [ 0.05378898]
 [ 0.04482415]
 [ 0.03585932]
 [ 0.02689449]
 [ 0.01792966]
 [ 0.00896483]
 [ 0.        ]
 [ 1.        ]
 [ 0.99103517]
 [ 0.98207034]
 [ 0.97310551]
 [ 0.96414068]
 [ 0.95517585]
 [ 0.94621102]
 [ 0.93724619]
 [ 0.92828136]
 [ 0.91931653]
 [ 0.91035169]
 [ 0.90138686]
 [ 0.89242203]
 [ 0.8834572 ]
 [ 0.87449237]
 [ 0.86552754]
 [ 0.85656271]
 [ 0.84759788]
 [ 0.83863305]
 [ 0.82966822]
 [ 0.82070339]
 [ 0.81173856]
 [ 0.80277373]
 [ 0.7938089 ]
 [ 0.78484407]
 [ 0.77587924]
 [ 0.76691441]
 [ 0.75794958]
 [ 0.74898475]
 [ 0.74001991]
 [ 0.73105508]
 [ 0.72209025]
 [ 0.71312542]
 [ 0.70416059]
 [ 0.69519576]
 [ 0.68623093]
 [ 0.6772661 ]
 [ 0.66830127]
 [ 0.65933644]
 [ 0.65037161]
 [ 0.64140678]
 [ 0.63244195]
 [ 0.62347712]
 [ 0.61451229]
 [ 0.60554746]
 [ 0.59658263]
 [ 0.5876178 ]
 [ 0.57865296]
 [ 0.56968813]
 [ 0.5607233 ]
 [ 0.55175847]
 [ 0.54279364]
 [ 0.53382881]
 [ 0.52486398]
 [ 0.51589915]
 [ 0.50693432]
 [ 0.49796949]
 [ 0.48900466]
 [ 0.48003983]
 [ 0.471075  ]
 [ 0.46211017]
 [ 0.45314534]
 [ 0.44418051]
 [ 0.43521568]
 [ 0.42625085]
 [ 0.41728602]
 [ 0.40832118]
 [ 0.39935635]
 [ 0.39039152]
 [ 0.38142669]
 [ 0.37246186]
 [ 0.36349703]
 [ 0.3545322 ]
 [ 0.34556737]
 [ 0.33660254]
 [ 0.32763771]
 [ 0.31867288]
 [ 0.30970805]
 [ 0.30074322]
 [ 0.29177839]
 [ 0.28281356]
 [ 0.27384873]
 [ 0.2648839 ]
 [ 0.25591907]
 [ 0.24695424]
 [ 0.2379894 ]
 [ 0.22902457]
 [ 0.22005974]
 [ 0.21109491]
 [ 0.20213008]
 [ 0.19316525]
 [ 0.18420042]
 [ 0.17523559]
 [ 0.16627076]
 [ 0.15730593]
 [ 0.1483411 ]
 [ 0.13937627]
 [ 0.13041144]
 [ 0.12144661]
 [ 0.11248178]
 [ 0.10351695]]
Problem 17 of 20.0
[[ 0.89648305]
 [ 0.88751822]
 [ 0.87855339]
 [ 0.86958856]
 [ 0.86062373]
 [ 0.8516589 ]
 [ 0.84269407]
 [ 0.83372924]
 [ 0.82476441]
 [ 0.81579958]
 [ 0.80683475]
 [ 0.79786992]
 [ 0.78890509]
 [ 0.77994026]
 [ 0.77097543]
 [ 0.7620106 ]
 [ 0.75304576]
 [ 0.74408093]
 [ 0.7351161 ]
 [ 0.72615127]
 [ 0.71718644]
 [ 0.70822161]
 [ 0.69925678]
 [ 0.69029195]
 [ 0.68132712]
 [ 0.67236229]
 [ 0.66339746]
 [ 0.65443263]
 [ 0.6454678 ]
 [ 0.63650297]
 [ 0.62753814]
 [ 0.61857331]
 [ 0.60960848]
 [ 0.60064365]
 [ 0.59167882]
 [ 0.58271398]
 [ 0.57374915]
 [ 0.56478432]
 [ 0.55581949]
 [ 0.54685466]
 [ 0.53788983]
 [ 0.528925  ]
 [ 0.51996017]
 [ 0.51099534]
 [ 0.50203051]
 [ 0.49306568]
 [ 0.48410085]
 [ 0.47513602]
 [ 0.46617119]
 [ 0.45720636]
 [ 0.44824153]
 [ 0.4392767 ]
 [ 0.43031187]
 [ 0.42134704]
 [ 0.4123822 ]
 [ 0.40341737]
 [ 0.39445254]
 [ 0.38548771]
 [ 0.37652288]
 [ 0.36755805]
 [ 0.35859322]
 [ 0.34962839]
 [ 0.34066356]
 [ 0.33169873]
 [ 0.3227339 ]
 [ 0.31376907]
 [ 0.30480424]
 [ 0.29583941]
 [ 0.28687458]
 [ 0.27790975]
 [ 0.26894492]
 [ 0.25998009]
 [ 0.25101525]
 [ 0.24205042]
 [ 0.23308559]
 [ 0.22412076]
 [ 0.21515593]
 [ 0.2061911 ]
 [ 0.19722627]
 [ 0.18826144]
 [ 0.17929661]
 [ 0.17033178]
 [ 0.16136695]
 [ 0.15240212]
 [ 0.14343729]
 [ 0.13447246]
 [ 0.12550763]
 [ 0.1165428 ]
 [ 0.10757797]
 [ 0.09861314]
 [ 0.08964831]
 [ 0.08068347]
 [ 0.07171864]
 [ 0.06275381]
 [ 0.05378898]
 [ 0.04482415]
 [ 0.03585932]
 [ 0.02689449]
 [ 0.01792966]
 [ 0.00896483]
 [ 0.        ]
 [ 1.        ]
 [ 0.99103517]
 [ 0.98207034]
 [ 0.97310551]
 [ 0.96414068]
 [ 0.95517585]
 [ 0.94621102]
 [ 0.93724619]
 [ 0.92828136]
 [ 0.91931653]
 [ 0.91035169]
 [ 0.90138686]
 [ 0.89242203]
 [ 0.8834572 ]
 [ 0.87449237]
 [ 0.86552754]
 [ 0.85656271]
 [ 0.84759788]
 [ 0.83863305]
 [ 0.82966822]
 [ 0.82070339]
 [ 0.81173856]
 [ 0.80277373]
 [ 0.7938089 ]
 [ 0.78484407]
 [ 0.77587924]
 [ 0.76691441]
 [ 0.75794958]
 [ 0.74898475]
 [ 0.74001991]
 [ 0.73105508]
 [ 0.72209025]
 [ 0.71312542]
 [ 0.70416059]
 [ 0.69519576]
 [ 0.68623093]
 [ 0.6772661 ]
 [ 0.66830127]
 [ 0.65933644]
 [ 0.65037161]
 [ 0.64140678]
 [ 0.63244195]
 [ 0.62347712]
 [ 0.61451229]
 [ 0.60554746]
 [ 0.59658263]
 [ 0.5876178 ]
 [ 0.57865296]
 [ 0.56968813]
 [ 0.5607233 ]
 [ 0.55175847]
 [ 0.54279364]
 [ 0.53382881]
 [ 0.52486398]
 [ 0.51589915]
 [ 0.50693432]
 [ 0.49796949]
 [ 0.48900466]
 [ 0.48003983]
 [ 0.471075  ]
 [ 0.46211017]
 [ 0.45314534]
 [ 0.44418051]
 [ 0.43521568]
 [ 0.42625085]
 [ 0.41728602]
 [ 0.40832118]
 [ 0.39935635]
 [ 0.39039152]
 [ 0.38142669]
 [ 0.37246186]
 [ 0.36349703]
 [ 0.3545322 ]
 [ 0.34556737]
 [ 0.33660254]
 [ 0.32763771]
 [ 0.31867288]
 [ 0.30970805]
 [ 0.30074322]
 [ 0.29177839]
 [ 0.28281356]
 [ 0.27384873]
 [ 0.2648839 ]
 [ 0.25591907]
 [ 0.24695424]
 [ 0.2379894 ]
 [ 0.22902457]
 [ 0.22005974]
 [ 0.21109491]
 [ 0.20213008]
 [ 0.19316525]
 [ 0.18420042]
 [ 0.17523559]
 [ 0.16627076]
 [ 0.15730593]
 [ 0.1483411 ]
 [ 0.13937627]
 [ 0.13041144]
 [ 0.12144661]
 [ 0.11248178]
 [ 0.10351695]]
Problem 18 of 20.0
[[ 0.89648305]
 [ 0.88751822]
 [ 0.87855339]
 [ 0.86958856]
 [ 0.86062373]
 [ 0.8516589 ]
 [ 0.84269407]
 [ 0.83372924]
 [ 0.82476441]
 [ 0.81579958]
 [ 0.80683475]
 [ 0.79786992]
 [ 0.78890509]
 [ 0.77994026]
 [ 0.77097543]
 [ 0.7620106 ]
 [ 0.75304576]
 [ 0.74408093]
 [ 0.7351161 ]
 [ 0.72615127]
 [ 0.71718644]
 [ 0.70822161]
 [ 0.69925678]
 [ 0.69029195]
 [ 0.68132712]
 [ 0.67236229]
 [ 0.66339746]
 [ 0.65443263]
 [ 0.6454678 ]
 [ 0.63650297]
 [ 0.62753814]
 [ 0.61857331]
 [ 0.60960848]
 [ 0.60064365]
 [ 0.59167882]
 [ 0.58271398]
 [ 0.57374915]
 [ 0.56478432]
 [ 0.55581949]
 [ 0.54685466]
 [ 0.53788983]
 [ 0.528925  ]
 [ 0.51996017]
 [ 0.51099534]
 [ 0.50203051]
 [ 0.49306568]
 [ 0.48410085]
 [ 0.47513602]
 [ 0.46617119]
 [ 0.45720636]
 [ 0.44824153]
 [ 0.4392767 ]
 [ 0.43031187]
 [ 0.42134704]
 [ 0.4123822 ]
 [ 0.40341737]
 [ 0.39445254]
 [ 0.38548771]
 [ 0.37652288]
 [ 0.36755805]
 [ 0.35859322]
 [ 0.34962839]
 [ 0.34066356]
 [ 0.33169873]
 [ 0.3227339 ]
 [ 0.31376907]
 [ 0.30480424]
 [ 0.29583941]
 [ 0.28687458]
 [ 0.27790975]
 [ 0.26894492]
 [ 0.25998009]
 [ 0.25101525]
 [ 0.24205042]
 [ 0.23308559]
 [ 0.22412076]
 [ 0.21515593]
 [ 0.2061911 ]
 [ 0.19722627]
 [ 0.18826144]
 [ 0.17929661]
 [ 0.17033178]
 [ 0.16136695]
 [ 0.15240212]
 [ 0.14343729]
 [ 0.13447246]
 [ 0.12550763]
 [ 0.1165428 ]
 [ 0.10757797]
 [ 0.09861314]
 [ 0.08964831]
 [ 0.08068347]
 [ 0.07171864]
 [ 0.06275381]
 [ 0.05378898]
 [ 0.04482415]
 [ 0.03585932]
 [ 0.02689449]
 [ 0.01792966]
 [ 0.00896483]
 [ 0.        ]
 [ 1.        ]
 [ 0.99103517]
 [ 0.98207034]
 [ 0.97310551]
 [ 0.96414068]
 [ 0.95517585]
 [ 0.94621102]
 [ 0.93724619]
 [ 0.92828136]
 [ 0.91931653]
 [ 0.91035169]
 [ 0.90138686]
 [ 0.89242203]
 [ 0.8834572 ]
 [ 0.87449237]
 [ 0.86552754]
 [ 0.85656271]
 [ 0.84759788]
 [ 0.83863305]
 [ 0.82966822]
 [ 0.82070339]
 [ 0.81173856]
 [ 0.80277373]
 [ 0.7938089 ]
 [ 0.78484407]
 [ 0.77587924]
 [ 0.76691441]
 [ 0.75794958]
 [ 0.74898475]
 [ 0.74001991]
 [ 0.73105508]
 [ 0.72209025]
 [ 0.71312542]
 [ 0.70416059]
 [ 0.69519576]
 [ 0.68623093]
 [ 0.6772661 ]
 [ 0.66830127]
 [ 0.65933644]
 [ 0.65037161]
 [ 0.64140678]
 [ 0.63244195]
 [ 0.62347712]
 [ 0.61451229]
 [ 0.60554746]
 [ 0.59658263]
 [ 0.5876178 ]
 [ 0.57865296]
 [ 0.56968813]
 [ 0.5607233 ]
 [ 0.55175847]
 [ 0.54279364]
 [ 0.53382881]
 [ 0.52486398]
 [ 0.51589915]
 [ 0.50693432]
 [ 0.49796949]
 [ 0.48900466]
 [ 0.48003983]
 [ 0.471075  ]
 [ 0.46211017]
 [ 0.45314534]
 [ 0.44418051]
 [ 0.43521568]
 [ 0.42625085]
 [ 0.41728602]
 [ 0.40832118]
 [ 0.39935635]
 [ 0.39039152]
 [ 0.38142669]
 [ 0.37246186]
 [ 0.36349703]
 [ 0.3545322 ]
 [ 0.34556737]
 [ 0.33660254]
 [ 0.32763771]
 [ 0.31867288]
 [ 0.30970805]
 [ 0.30074322]
 [ 0.29177839]
 [ 0.28281356]
 [ 0.27384873]
 [ 0.2648839 ]
 [ 0.25591907]
 [ 0.24695424]
 [ 0.2379894 ]
 [ 0.22902457]
 [ 0.22005974]
 [ 0.21109491]
 [ 0.20213008]
 [ 0.19316525]
 [ 0.18420042]
 [ 0.17523559]
 [ 0.16627076]
 [ 0.15730593]
 [ 0.1483411 ]
 [ 0.13937627]
 [ 0.13041144]
 [ 0.12144661]
 [ 0.11248178]
 [ 0.10351695]]
Problem 19 of 20.0
[[ 0.89648305]
 [ 0.88751822]
 [ 0.87855339]
 [ 0.86958856]
 [ 0.86062373]
 [ 0.8516589 ]
 [ 0.84269407]
 [ 0.83372924]
 [ 0.82476441]
 [ 0.81579958]
 [ 0.80683475]
 [ 0.79786992]
 [ 0.78890509]
 [ 0.77994026]
 [ 0.77097543]
 [ 0.7620106 ]
 [ 0.75304576]
 [ 0.74408093]
 [ 0.7351161 ]
 [ 0.72615127]
 [ 0.71718644]
 [ 0.70822161]
 [ 0.69925678]
 [ 0.69029195]
 [ 0.68132712]
 [ 0.67236229]
 [ 0.66339746]
 [ 0.65443263]
 [ 0.6454678 ]
 [ 0.63650297]
 [ 0.62753814]
 [ 0.61857331]
 [ 0.60960848]
 [ 0.60064365]
 [ 0.59167882]
 [ 0.58271398]
 [ 0.57374915]
 [ 0.56478432]
 [ 0.55581949]
 [ 0.54685466]
 [ 0.53788983]
 [ 0.528925  ]
 [ 0.51996017]
 [ 0.51099534]
 [ 0.50203051]
 [ 0.49306568]
 [ 0.48410085]
 [ 0.47513602]
 [ 0.46617119]
 [ 0.45720636]
 [ 0.44824153]
 [ 0.4392767 ]
 [ 0.43031187]
 [ 0.42134704]
 [ 0.4123822 ]
 [ 0.40341737]
 [ 0.39445254]
 [ 0.38548771]
 [ 0.37652288]
 [ 0.36755805]
 [ 0.35859322]
 [ 0.34962839]
 [ 0.34066356]
 [ 0.33169873]
 [ 0.3227339 ]
 [ 0.31376907]
 [ 0.30480424]
 [ 0.29583941]
 [ 0.28687458]
 [ 0.27790975]
 [ 0.26894492]
 [ 0.25998009]
 [ 0.25101525]
 [ 0.24205042]
 [ 0.23308559]
 [ 0.22412076]
 [ 0.21515593]
 [ 0.2061911 ]
 [ 0.19722627]
 [ 0.18826144]
 [ 0.17929661]
 [ 0.17033178]
 [ 0.16136695]
 [ 0.15240212]
 [ 0.14343729]
 [ 0.13447246]
 [ 0.12550763]
 [ 0.1165428 ]
 [ 0.10757797]
 [ 0.09861314]
 [ 0.08964831]
 [ 0.08068347]
 [ 0.07171864]
 [ 0.06275381]
 [ 0.05378898]
 [ 0.04482415]
 [ 0.03585932]
 [ 0.02689449]
 [ 0.01792966]
 [ 0.00896483]
 [ 0.        ]
 [ 1.        ]
 [ 0.99103517]
 [ 0.98207034]
 [ 0.97310551]
 [ 0.96414068]
 [ 0.95517585]
 [ 0.94621102]
 [ 0.93724619]
 [ 0.92828136]
 [ 0.91931653]
 [ 0.91035169]
 [ 0.90138686]
 [ 0.89242203]
 [ 0.8834572 ]
 [ 0.87449237]
 [ 0.86552754]
 [ 0.85656271]
 [ 0.84759788]
 [ 0.83863305]
 [ 0.82966822]
 [ 0.82070339]
 [ 0.81173856]
 [ 0.80277373]
 [ 0.7938089 ]
 [ 0.78484407]
 [ 0.77587924]
 [ 0.76691441]
 [ 0.75794958]
 [ 0.74898475]
 [ 0.74001991]
 [ 0.73105508]
 [ 0.72209025]
 [ 0.71312542]
 [ 0.70416059]
 [ 0.69519576]
 [ 0.68623093]
 [ 0.6772661 ]
 [ 0.66830127]
 [ 0.65933644]
 [ 0.65037161]
 [ 0.64140678]
 [ 0.63244195]
 [ 0.62347712]
 [ 0.61451229]
 [ 0.60554746]
 [ 0.59658263]
 [ 0.5876178 ]
 [ 0.57865296]
 [ 0.56968813]
 [ 0.5607233 ]
 [ 0.55175847]
 [ 0.54279364]
 [ 0.53382881]
 [ 0.52486398]
 [ 0.51589915]
 [ 0.50693432]
 [ 0.49796949]
 [ 0.48900466]
 [ 0.48003983]
 [ 0.471075  ]
 [ 0.46211017]
 [ 0.45314534]
 [ 0.44418051]
 [ 0.43521568]
 [ 0.42625085]
 [ 0.41728602]
 [ 0.40832118]
 [ 0.39935635]
 [ 0.39039152]
 [ 0.38142669]
 [ 0.37246186]
 [ 0.36349703]
 [ 0.3545322 ]
 [ 0.34556737]
 [ 0.33660254]
 [ 0.32763771]
 [ 0.31867288]
 [ 0.30970805]
 [ 0.30074322]
 [ 0.29177839]
 [ 0.28281356]
 [ 0.27384873]
 [ 0.2648839 ]
 [ 0.25591907]
 [ 0.24695424]
 [ 0.2379894 ]
 [ 0.22902457]
 [ 0.22005974]
 [ 0.21109491]
 [ 0.20213008]
 [ 0.19316525]
 [ 0.18420042]
 [ 0.17523559]
 [ 0.16627076]
 [ 0.15730593]
 [ 0.1483411 ]
 [ 0.13937627]
 [ 0.13041144]
 [ 0.12144661]
 [ 0.11248178]
 [ 0.10351695]]
Problem 20 of 20.0
[[ 0.89648305]
 [ 0.88751822]
 [ 0.87855339]
 [ 0.86958856]
 [ 0.86062373]
 [ 0.8516589 ]
 [ 0.84269407]
 [ 0.83372924]
 [ 0.82476441]
 [ 0.81579958]
 [ 0.80683475]
 [ 0.79786992]
 [ 0.78890509]
 [ 0.77994026]
 [ 0.77097543]
 [ 0.7620106 ]
 [ 0.75304576]
 [ 0.74408093]
 [ 0.7351161 ]
 [ 0.72615127]
 [ 0.71718644]
 [ 0.70822161]
 [ 0.69925678]
 [ 0.69029195]
 [ 0.68132712]
 [ 0.67236229]
 [ 0.66339746]
 [ 0.65443263]
 [ 0.6454678 ]
 [ 0.63650297]
 [ 0.62753814]
 [ 0.61857331]
 [ 0.60960848]
 [ 0.60064365]
 [ 0.59167882]
 [ 0.58271398]
 [ 0.57374915]
 [ 0.56478432]
 [ 0.55581949]
 [ 0.54685466]
 [ 0.53788983]
 [ 0.528925  ]
 [ 0.51996017]
 [ 0.51099534]
 [ 0.50203051]
 [ 0.49306568]
 [ 0.48410085]
 [ 0.47513602]
 [ 0.46617119]
 [ 0.45720636]
 [ 0.44824153]
 [ 0.4392767 ]
 [ 0.43031187]
 [ 0.42134704]
 [ 0.4123822 ]
 [ 0.40341737]
 [ 0.39445254]
 [ 0.38548771]
 [ 0.37652288]
 [ 0.36755805]
 [ 0.35859322]
 [ 0.34962839]
 [ 0.34066356]
 [ 0.33169873]
 [ 0.3227339 ]
 [ 0.31376907]
 [ 0.30480424]
 [ 0.29583941]
 [ 0.28687458]
 [ 0.27790975]
 [ 0.26894492]
 [ 0.25998009]
 [ 0.25101525]
 [ 0.24205042]
 [ 0.23308559]
 [ 0.22412076]
 [ 0.21515593]
 [ 0.2061911 ]
 [ 0.19722627]
 [ 0.18826144]
 [ 0.17929661]
 [ 0.17033178]
 [ 0.16136695]
 [ 0.15240212]
 [ 0.14343729]
 [ 0.13447246]
 [ 0.12550763]
 [ 0.1165428 ]
 [ 0.10757797]
 [ 0.09861314]
 [ 0.08964831]
 [ 0.08068347]
 [ 0.07171864]
 [ 0.06275381]
 [ 0.05378898]
 [ 0.04482415]
 [ 0.03585932]
 [ 0.02689449]
 [ 0.01792966]
 [ 0.00896483]
 [ 0.        ]
 [ 1.        ]
 [ 0.99103517]
 [ 0.98207034]
 [ 0.97310551]
 [ 0.96414068]
 [ 0.95517585]
 [ 0.94621102]
 [ 0.93724619]
 [ 0.92828136]
 [ 0.91931653]
 [ 0.91035169]
 [ 0.90138686]
 [ 0.89242203]
 [ 0.8834572 ]
 [ 0.87449237]
 [ 0.86552754]
 [ 0.85656271]
 [ 0.84759788]
 [ 0.83863305]
 [ 0.82966822]
 [ 0.82070339]
 [ 0.81173856]
 [ 0.80277373]
 [ 0.7938089 ]
 [ 0.78484407]
 [ 0.77587924]
 [ 0.76691441]
 [ 0.75794958]
 [ 0.74898475]
 [ 0.74001991]
 [ 0.73105508]
 [ 0.72209025]
 [ 0.71312542]
 [ 0.70416059]
 [ 0.69519576]
 [ 0.68623093]
 [ 0.6772661 ]
 [ 0.66830127]
 [ 0.65933644]
 [ 0.65037161]
 [ 0.64140678]
 [ 0.63244195]
 [ 0.62347712]
 [ 0.61451229]
 [ 0.60554746]
 [ 0.59658263]
 [ 0.5876178 ]
 [ 0.57865296]
 [ 0.56968813]
 [ 0.5607233 ]
 [ 0.55175847]
 [ 0.54279364]
 [ 0.53382881]
 [ 0.52486398]
 [ 0.51589915]
 [ 0.50693432]
 [ 0.49796949]
 [ 0.48900466]
 [ 0.48003983]
 [ 0.471075  ]
 [ 0.46211017]
 [ 0.45314534]
 [ 0.44418051]
 [ 0.43521568]
 [ 0.42625085]
 [ 0.41728602]
 [ 0.40832118]
 [ 0.39935635]
 [ 0.39039152]
 [ 0.38142669]
 [ 0.37246186]
 [ 0.36349703]
 [ 0.3545322 ]
 [ 0.34556737]
 [ 0.33660254]
 [ 0.32763771]
 [ 0.31867288]
 [ 0.30970805]
 [ 0.30074322]
 [ 0.29177839]
 [ 0.28281356]
 [ 0.27384873]
 [ 0.2648839 ]
 [ 0.25591907]
 [ 0.24695424]
 [ 0.2379894 ]
 [ 0.22902457]
 [ 0.22005974]
 [ 0.21109491]
 [ 0.20213008]
 [ 0.19316525]
 [ 0.18420042]
 [ 0.17523559]
 [ 0.16627076]
 [ 0.15730593]
 [ 0.1483411 ]
 [ 0.13937627]
 [ 0.13041144]
 [ 0.12144661]
 [ 0.11248178]
 [ 0.10351695]]
101 101 101
