0.200000000000000011
0.200000000000000011
0.200000000000000011
0.200000000000000011
0.199999999999999956
0.200000000000000178
0.199999999999999956
0.199999999999999956
0.199999999999999956
0.199999999999999956
0.200000000000000178
0.200000000000000178
0.199999999999999734
0.200000000000000178
0.199999999999999734
0.200000000000000178
0.200000000000000178
0.199999999999999734
0.200000000000000178
0.199999999999999734
0.200000000000000178
0.200000000000000178
0.200000000000000178
0.200000000000000178
0.199999999999999289
0.200000000000000178
0.200000000000000178
0.200000000000000178
0.200000000000000178
0.199999999999999289
0.200000000000000178
0.200000000000000178
0.200000000000000178
0.200000000000000178
0.199999999999999289
0.200000000000000178
0.200000000000000178
0.200000000000000178
0.200000000000000178
0.199999999999999289
0.200000000000001066
0.199999999999999289
0.199999999999999289
0.200000000000001066
0.199999999999999289
0.200000000000001066
0.199999999999999289
0.200000000000001066
0.199999999999999289
0.199999999999999289
0.200000000000001066
0.199999999999999289
0.200000000000001066
0.199999999999999289
0.199999999999999289
0.200000000000001066
0.199999999999999289
0.200000000000001066
0.199999999999999289
0.199999999999999289
0.200000000000001066
0.199999999999999289
0.200000000000001066
0.199999999999999289
0.199999999999999289
0.200000000000001066
0.199999999999999289
0.200000000000001066
0.199999999999999289
0.199999999999999289
0.200000000000001066
0.199999999999999289
0.200000000000001066
0.199999999999999289
0.199999999999999289
0.200000000000001066
0.199999999999999289
0.200000000000001066
0.199999999999999289
0.199999999999999289
0.199999999999999289
0.200000000000002842
0.199999999999999289
0.199999999999999289
0.199999999999999289
0.199999999999999289
0.200000000000002842
0.199999999999999289
0.199999999999999289
0.199999999999999289
0.199999999999999289
0.200000000000002842
0.199999999999999289
0.199999999999999289
0.199999999999999289
0.200000000000002842
0.199999999999999289
0.199999999999999289
0.199999999999999289
0.0999999999999978684
0.100000000000001421
