0.823723628363960625
0.847282172618554763
0.864791304753532053
0.88218183493722746
0.895042285523385939
0.895042285523385828
0.895042285523385717
0.895042285523385939
0.895042285523385717
0.895042285523385939
0.908449236642253855
0.92319588088520721
0.926599384687284977
0.945205146717845057
0.938877483507298938
0.945205146717844946
0.938877483507299049
0.945205146717844946
0.938877483507299049
0.945205146717845279
0.951155582327312898
0.958447236025338878
0.959526127733511869
0.968365104214859329
0.964658763358391846
0.968365104214859884
0.964658763358391735
0.968365104214859884
0.964658763358391846
0.968365104214859773
0.969791398983272157
0.973221389078757326
0.97250734652681381
0.975935385068956274
0.973023881792500767
0.975935385068956163
0.973023881792500545
0.975935385068956163
0.973023881792500545
0.975935385068956163
0.973540417058187724
0.97479904267018791
0.971940185688529468
0.971646623685034516
0.968095169173953551
0.968095169173953662
0.968095169173953773
0.968095169173953773
0.968095169173953773
0.968095169173953773
0.965051012463285729
0.961339231421632134
0.956834404369998004
0.951490432183040968
0.94516454862630972
0.945164548626309831
0.945164548626310053
0.945164548626310053
0.945164548626309942
0.945164548626309831
0.937714470820503299
0.929093802067031294
0.919002063822195847
0.907350559673115065
0.893809821929663739
0.89380982192966385
0.893809821929663961
0.893809821929663961
0.893809821929664072
0.893809821929664183
0.878092054828299773
0.860093951144272784
0.839184221594497237
0.815185596450422989
0.787411126088254032
0.787411126088254143
0.787411126088254254
0.787411126088254254
0.787411126088254254
0.787411126088254254
0.755278322139291247
0.718573417270217951
0.67600708093261852
0.627221581833798503
0.570816406200555959
0.570816406200555848
0.570816406200555848
0.570816406200555848
0.570816406200555848
0.570816406200555848
0.505612438620498872
0.431174644770042859
0.344887324820422669
0.246026854921131688
0.131753197005981842
0.131753197005981842
0.131753197005981842
0.131753197005981842
0.131753197005981842
0.131753197005981842
0
0
0.131169753959951618
0.245377291073870157
0.344035697113143801
0.430384765433649619
0.430384765433649341
0.430384765433649563
0.430384765433649452
0.430384765433649563
0.430384765433649508
0.443811756308546912
0.58808616220531118
0.559705495735474345
0.712834451953396675
0.640375674821239582
0.71283445195339612
0.64037567482123936
0.712834451953395676
0.640375674821239693
0.71283445195339612
0.721045853907005263
0.791636254014026486
0.779399701305331427
0.853768956395777767
0.820105524808084074
0.853768956395777767
0.82010552480808363
0.853768956395777767
0.82010552480808363
0.853768956395777434
0.860811348310836388
0.89250469180085501
0.890382079678455396
0.922640802549998917
0.911183377420351603
0.922640802549998584
0.911183377420351381
0.922640802549999028
0.911183377420351381
0.922640802549998917
0.931984675162247256
0.940399441707145622
0.947344746917122338
0.953390036200860491
0.958492398425368153
0.958492398425368597
0.958492398425368597
0.958492398425368597
0.958492398425368597
0.958492398425368597
0.962712414913073244
0.966183775197775208
0.968991205495903785
0.971169853986004417
0.9727892925184074
0.972789292518407511
0.9727892925184074
0.972789292518407511
0.972789292518407511
0.972789292518407511
0.973850878054295266
0.974405476184169284
0.97443861540574761
0.973974097944664274
0.972981441989659301
0.972981441989659079
0.972981441989658968
0.972981441989659079
0.972981441989659079
0.972981441989659079
0.971434872338813982
0.969360185770845262
0.966636211721987659
0.963287744413699021
0.959168448042919342
0.959168448042919231
0.959168448042919231
0.959168448042919231
0.959168448042919231
0.959168448042919231
0.954212054598239212
0.948432663877376569
0.941539597162047825
0.933571492822024451
0.924190307498819918
0.924190307498819807
0.924190307498819807
0.924190307498819807
0.924190307498819807
0.924190307498819918
0.913254930166632395
0.900775072310880165
0.886139872950372443
0.869421842907810993
0.849916005570142352
0.849916005570142241
0.849916005570142241
0.849916005570142241
0.849916005570142241
0.849916005570142241
0.827403737523161542
